0.999999940 0.000000000 0.000000000 -0.000000000 0.000000000 1.000000000 -0.000000000 -0.000000060 0.000000000 -0.000000000 1.000000000 0.000000000
0.999991536 -0.002373687 -0.003336248 -0.003552889 0.002366372 0.999994814 -0.002194904 -0.005379703 0.003341441 0.002186991 0.999992013 0.664475203
0.999971271 -0.001057072 -0.007497421 -0.012793973 0.001030175 0.999993026 -0.003590466 -0.010580475 0.007501165 0.003582639 0.999965429 1.358448386
0.999935448 -0.001685714 -0.011236303 -0.024109283 0.001631131 0.999986887 -0.004865119 -0.014073946 0.011244357 0.004846477 0.999925017 2.065119028
0.999868512 -0.000032215 -0.016215863 -0.042602286 -0.000058502 0.999984264 -0.005593824 -0.016428387 0.016215786 0.005594037 0.999852836 2.789479256
0.999785721 -0.000567867 -0.020693431 -0.058664300 0.000445917 0.999982476 -0.005897284 -0.024260292 0.020696418 0.005886793 0.999768436 3.532179356
0.999689579 0.000600372 -0.024906276 -0.086497188 -0.000774611 0.999975264 -0.006986740 -0.033731084 0.024901465 0.007003864 0.999665320 4.284273148
0.999559462 0.003209468 -0.029504819 -0.122287668 -0.003444579 0.999962747 -0.007921183 -0.035263792 0.029478293 0.008019325 0.999533176 5.048900604
0.999406278 0.003920638 -0.034233499 -0.147569582 -0.004130737 0.999973059 -0.006068731 -0.049175154 0.034208789 0.006206538 0.999395430 5.840948582
0.999244988 0.003282692 -0.038712401 -0.183887333 -0.003414551 0.999988616 -0.003340490 -0.056792736 0.038700990 0.003470154 0.999244809 6.638512611
0.999118328 0.003138527 -0.041864920 -0.225950629 -0.003170004 0.999994814 -0.000685516 -0.064027421 0.041862551 0.000817624 0.999123037 7.447012424
0.999006808 0.004501294 -0.044328067 -0.269159377 -0.004573910 0.999988377 -0.001536862 -0.074932776 0.044320628 0.001738088 0.999015808 8.249726295
0.998914421 0.004069491 -0.046404287 -0.314975709 -0.004152472 0.999990046 -0.001691964 -0.081024468 0.046396933 0.001882819 0.998921335 9.069789886
0.998856246 0.001523679 -0.047787637 -0.362035543 -0.001642319 0.999995708 -0.002443487 -0.086588398 0.047783706 0.002519174 0.998854578 9.895786285
0.998729527 0.000866069 -0.050385132 -0.395633548 -0.000940983 0.999998510 -0.001463120 -0.096671693 0.050383791 0.001508673 0.998728752 10.745815277
0.998649478 -0.000545384 -0.051951516 -0.441276789 0.000450842 0.999998212 -0.001831509 -0.103765383 0.051952422 0.001805614 0.998647928 11.593485832
0.998556674 0.001674481 -0.053682040 -0.494668722 -0.001894837 0.999989927 -0.004054198 -0.114830635 0.053674717 0.004150065 0.998549819 12.447974205
0.998495162 0.002388254 -0.054789420 -0.550011694 -0.002747830 0.999975204 -0.006488486 -0.128737167 0.054772567 0.006629274 0.998476803 13.306749344
0.998383522 0.006013759 -0.056516815 -0.608047545 -0.006467859 0.999948263 -0.007855295 -0.143687397 0.056466646 0.008208143 0.998370707 14.183183670
0.998313785 0.007472342 -0.057565127 -0.663581610 -0.007924260 0.999939561 -0.007626264 -0.153925359 0.057504654 0.008069564 0.998312593 15.074394226
0.998227417 0.006185518 -0.059191857 -0.714571357 -0.006545458 0.999961376 -0.005888962 -0.169177428 0.059153132 0.006265962 0.998229206 15.961824417
0.998164952 0.007013330 -0.060144316 -0.779718697 -0.007308393 0.999962330 -0.004687339 -0.178757265 0.060109172 0.005118296 0.998178661 16.859701157
0.998097122 0.006521112 -0.061314665 -0.838644624 -0.006809511 0.999966681 -0.004495800 -0.195767030 0.061283305 0.004904768 0.998108327 17.765077591
0.997990191 0.006463396 -0.063036509 -0.895396113 -0.006805828 0.999963284 -0.005219052 -0.209800303 0.063000448 0.005637578 0.997997582 18.667707443
0.997937858 0.005014388 -0.063989766 -0.959947348 -0.005388067 0.999969482 -0.005668418 -0.224113643 0.063959382 0.006001510 0.997934461 19.581056595
0.997881293 0.004491511 -0.064905033 -1.013314486 -0.004759858 0.999980867 -0.003980421 -0.234412670 0.064885907 0.004280926 0.997883558 20.500333786
0.997900188 0.006538465 -0.064440176 -1.082663298 -0.006614861 0.999977648 -0.000972242 -0.242439777 0.064432405 0.001396463 0.997921109 21.425745010
0.997949004 0.007457921 -0.063579172 -1.145746469 -0.007300989 0.999969661 0.002700278 -0.250050694 0.063597403 -0.002230549 0.997973204 22.358654022
0.998064399 0.006808185 -0.061816152 -1.209603786 -0.006462957 0.999962389 0.005782985 -0.259750098 0.061853215 -0.005372276 0.998070776 23.288764954
0.998152792 0.006189671 -0.060435101 -1.265451193 -0.005789242 0.999960124 0.006798636 -0.267860293 0.060474768 -0.006436205 0.998148978 24.239526749
0.998226821 0.006572197 -0.059160363 -1.318212867 -0.006350049 0.999972045 0.003942239 -0.274735600 0.059184615 -0.003559578 0.998240709 25.179552078
0.998283207 0.007161789 -0.058129974 -1.381338835 -0.007218479 0.999973655 -0.000765287 -0.280360043 0.058122959 0.001183583 0.998308718 26.122196198
0.998354912 0.007157391 -0.056887973 -1.435548186 -0.007385403 0.999965489 -0.003798876 -0.289986074 0.056858819 0.004212768 0.998373330 27.073541641
0.998411477 0.004496431 -0.056162659 -1.489061832 -0.004679496 0.999984086 -0.003128451 -0.296111286 0.056147698 0.003386294 0.998416722 28.030336380
0.998417139 0.002678232 -0.056179672 -1.550545096 -0.002563872 0.999994516 0.002107596 -0.307911843 0.056185000 -0.001960221 0.998418391 29.007865906
0.998377442 -0.000399159 -0.056940939 -1.605562568 0.000722101 0.999983728 0.005651061 -0.322276443 0.056937769 -0.005683010 0.998361528 29.968004227
0.998271942 -0.007751869 -0.058249239 -1.651268601 0.008046570 0.999955952 0.004826470 -0.327436358 0.058209267 -0.005286837 0.998290360 30.944217682
0.998172283 -0.010084515 -0.059585024 -1.706482530 0.010162262 0.999947906 0.001001933 -0.332468450 0.059571814 -0.001605621 0.998222709 31.915243149
0.998086691 -0.009764073 -0.061053239 -1.768714786 0.009594652 0.999949336 -0.003067520 -0.338124156 0.061080091 0.002475866 0.998129785 32.894733429
0.997954190 -0.008998936 -0.063295871 -1.829543352 0.008796286 0.999955237 -0.003479584 -0.349537373 0.063324340 0.002915696 0.997988701 33.880348206
0.997899771 -0.009594851 -0.064061612 -1.894073606 0.009479953 0.999952853 -0.002097287 -0.358864903 0.064078726 0.001485581 0.997943699 34.873970032
0.997847378 -0.005856559 -0.065316826 -1.965399742 0.005917325 0.999982238 0.000736884 -0.374954909 0.065311350 -0.001121799 0.997864306 35.868045807
0.997775555 -0.005566184 -0.066429913 -2.029451132 0.005720799 0.999981344 0.002137467 -0.389280945 0.066416785 -0.002512745 0.997788787 36.852657318
0.997697711 -0.004565448 -0.067663454 -2.100667238 0.004884639 0.999977887 0.004552636 -0.394345284 0.067641176 -0.004872666 0.997697771 37.859264374
0.997714937 -0.004149273 -0.067435198 -2.164889574 0.004699148 0.999957144 0.007997531 -0.410117835 0.067399122 -0.008296145 0.997691572 38.844161987
0.997706175 0.001223502 -0.067680992 -2.249662161 -0.000543112 0.999949157 0.010070392 -0.409227818 0.067689858 -0.010010535 0.997656226 39.842449188
0.997694850 0.001515362 -0.067842565 -2.321962118 -0.000881582 0.999955714 0.009370900 -0.413623363 0.067853749 -0.009289490 0.997652054 40.835510254
0.997682393 0.001510524 -0.068025343 -2.387732506 -0.001007779 0.999971986 0.007424276 -0.413508713 0.068034641 -0.007338517 0.997655988 41.822689056
0.997679293 0.003845779 -0.067980252 -2.461621523 -0.003483593 0.999979138 0.005445550 -0.422818840 0.067999780 -0.005196098 0.997671843 42.822010040
0.997609437 0.003108140 -0.069035426 -2.530010223 -0.002716819 0.999979675 0.005761580 -0.430467159 0.069051944 -0.005560250 0.997597635 43.820693970
0.997509062 0.001037397 -0.070531510 -2.599829197 -0.000566562 0.999977410 0.006695203 -0.434389949 0.070536867 -0.006638565 0.997487128 44.814403534
0.997467637 0.001528834 -0.071105152 -2.672905922 -0.000963219 0.999967635 0.007988241 -0.443607241 0.071115039 -0.007899523 0.997436881 45.802295685
0.997438848 0.004092430 -0.071407758 -2.745566368 -0.003797221 0.999983728 0.004269406 -0.453092277 0.071424052 -0.003987321 0.997438073 46.772819519
0.997380078 0.004443264 -0.072202042 -2.828747511 -0.004441360 0.999990106 0.000186921 -0.461624652 0.072202161 0.000134244 0.997390091 47.744270325
0.997330666 0.005192481 -0.072831653 -2.897630453 -0.005298630 0.999985158 -0.001264320 -0.464878201 0.072824009 0.001646853 0.997343421 48.704856873
0.997348130 0.004107136 -0.072661959 -2.973903894 -0.003932483 0.999989092 0.002546516 -0.479908437 0.072671622 -0.002254021 0.997353375 49.686218262
0.997350931 0.002179694 -0.072707072 -3.049749851 -0.001782433 0.999983132 0.005528284 -0.489042491 0.072717905 -0.005384044 0.997337997 50.655918121
0.997310162 0.000046169 -0.073296592 -3.109894991 0.000413645 0.999980271 0.006258132 -0.497795165 0.073295444 -0.006271619 0.997290492 51.602619171
0.997288883 -0.003294135 -0.073511511 -3.181666374 0.003670212 0.999980807 0.004981393 -0.505828679 0.073493704 -0.005237692 0.997281849 52.560199738
0.997243404 -0.006345910 -0.073927164 -3.248703957 0.006658310 0.999969900 0.003980085 -0.517632723 0.073899686 -0.004461344 0.997255683 53.509380341
0.997170627 -0.007705774 -0.074774712 -3.323417902 0.008104669 0.999954522 0.005032653 -0.526618540 0.074732535 -0.005624439 0.997187734 54.463584900
0.997049212 -0.010943292 -0.075980611 -3.392230034 0.011663962 0.999890983 0.009047626 -0.530301571 0.075873330 -0.009907163 0.997068226 55.414474487
0.996996701 -0.011293555 -0.076616265 -3.461580038 0.012419257 0.999821544 0.014232188 -0.536530554 0.076441847 -0.015140960 0.996959031 56.347198486
0.996989787 -0.009545635 -0.076942869 -3.544167280 0.010839573 0.999806345 0.016416799 -0.535708010 0.076771259 -0.017201409 0.996900320 57.295913696
0.996886373 -0.008334244 -0.078410774 -3.620030403 0.009302004 0.999884903 0.011985036 -0.532671511 0.078301877 -0.012677093 0.996849000 58.225093842
0.996777475 -0.006375582 -0.079962924 -3.691677094 0.006744817 0.999967813 0.004348317 -0.541740000 0.079932630 -0.004873639 0.996788263 59.127845764
0.996706486 -0.005215044 -0.080925807 -3.771805286 0.005225205 0.999986291 -0.000086211 -0.555574000 0.080925152 -0.000336927 0.996720076 60.057201385
0.996685565 -0.000037672 -0.081349812 -3.862673521 0.000098625 0.999999642 0.000745261 -0.565476775 0.081349760 -0.000750814 0.996685326 60.956577301
0.996559739 0.002528362 -0.082838930 -3.944334269 -0.002276960 0.999992609 0.003129182 -0.578687251 0.082846224 -0.002929795 0.996557951 61.854084015
0.996461153 0.004941948 -0.083908528 -4.019151211 -0.004560724 0.999978542 0.004734396 -0.595222294 0.083930127 -0.004334958 0.996462166 62.740932465
0.996342540 0.005691327 -0.085257970 -4.095135212 -0.005336150 0.999976158 0.004393216 -0.602948666 0.085280947 -0.003922199 0.996349216 63.606536865
0.996218920 0.007636928 -0.086541183 -4.177277565 -0.007201371 0.999959767 0.005344029 -0.613091767 0.086578518 -0.004700608 0.996233940 64.447578430
0.996084154 0.008358544 -0.088013381 -4.255447388 -0.007863928 0.999951303 0.005965029 -0.623639703 0.088058949 -0.005249541 0.996101439 65.290939331
0.995977461 0.008037352 -0.089242794 -4.331348896 -0.007471604 0.999949872 0.006671661 -0.637760639 0.089291930 -0.005978038 0.995987535 66.101737976
0.995883644 0.007742499 -0.090309508 -4.407626629 -0.007082672 0.999945939 0.007624473 -0.642008960 0.090363652 -0.006953456 0.995884538 66.908119202
0.995727539 0.010591943 -0.091729775 -4.488183498 -0.009684012 0.999899685 0.010337364 -0.648533821 0.091830082 -0.009404885 0.995730162 67.711456299
0.995605469 0.012059427 -0.092866853 -4.569314003 -0.010756525 0.999836802 0.014517603 -0.654247582 0.093026780 -0.013454881 0.995572567 68.494506836
0.995404065 0.015115561 -0.094562456 -4.651942730 -0.013646984 0.999776244 0.016157771 -0.655467868 0.094785556 -0.014793019 0.995387733 69.277244568
0.995251298 0.018098367 -0.095641039 -4.735666752 -0.017014854 0.999781609 0.012132475 -0.664320290 0.095839739 -0.010447545 0.995341957 70.019287109
0.995108008 0.018020434 -0.097134918 -4.807933331 -0.017636687 0.999832988 0.004807865 -0.670287251 0.097205341 -0.003071207 0.995259583 70.742645264
0.994966626 0.017433755 -0.098677479 -4.880318165 -0.017599482 0.999844790 -0.000809205 -0.681679904 0.098648049 0.002541805 0.995119154 71.453773499
0.994961321 0.017935811 -0.098641619 -4.957649708 -0.018212283 0.999832273 -0.001902970 -0.684986949 0.098590948 0.003689870 0.995121300 72.142532349
0.994800270 0.020760946 -0.099707149 -5.035023689 -0.020714579 0.999784291 0.001500350 -0.695801795 0.099716797 0.000572843 0.995015681 72.829139709
0.994645000 0.021100298 -0.101174802 -5.104583740 -0.020804686 0.999775648 0.003976156 -0.714150131 0.101236016 -0.001849953 0.994860709 73.479148865
0.994637251 0.018012311 -0.101845294 -5.175061226 -0.018044556 0.999837041 0.000604712 -0.722732723 0.101839595 0.001236284 0.994800031 74.114738464
0.994738221 0.009590540 -0.101999551 -5.224234104 -0.010111461 0.999938428 -0.004591271 -0.736054003 0.101949245 0.005598478 0.994773805 74.731452942
0.994853139 0.005652719 -0.101169594 -5.275986671 -0.006649591 0.999932587 -0.009518934 -0.742832005 0.101108946 0.010142677 0.994823635 75.327934265
0.995140135 0.007863909 -0.098154806 -5.333787441 -0.008856636 0.999913812 -0.009682250 -0.755683839 0.098070212 0.010504516 0.995123982 75.912101746
0.995496392 0.013050609 -0.093895949 -5.399055004 -0.013745056 0.999882698 -0.006752980 -0.766431689 0.093796819 0.008013173 0.995559096 76.482704163
0.995947599 0.011399687 -0.089209571 -5.449045181 -0.011780221 0.999923587 -0.003740248 -0.774729073 0.089160122 0.004775999 0.996005833 77.039527893
0.996466160 0.007749447 -0.083636522 -5.484357834 -0.007766359 0.999969840 0.000123136 -0.781044722 0.083634950 0.000526850 0.996496379 77.586647034
0.997165859 0.003294333 -0.075162187 -5.516779423 -0.003017642 0.999988139 0.003794545 -0.797085762 0.075173810 -0.003556981 0.997164011 78.113471985
0.997872710 0.006957649 -0.064818852 -5.541527271 -0.006722339 0.999970019 0.003847647 -0.809689164 0.064843677 -0.003403728 0.997889638 78.626167297
0.998681545 0.012134231 -0.049878225 -5.566518307 -0.011982843 0.999922693 0.003333081 -0.816475511 0.049914822 -0.002731004 0.998749733 79.130630493
0.999349475 0.017205842 -0.031694770 -5.582875252 -0.017092748 0.999846518 0.003835767 -0.821504235 0.031755909 -0.003291521 0.999490201 79.627540588
0.999833167 0.015647737 -0.009426917 -5.575037003 -0.015607821 0.999868989 0.004292976 -0.827015758 0.009492860 -0.004145126 0.999946356 80.100837708
0.999789119 0.012121612 0.016572127 -5.543112278 -0.012213420 0.999910593 0.005449965 -0.836151242 -0.016504582 -0.005651219 0.999847770 80.553962708
0.998878062 0.010979411 0.046063799 -5.497111320 -0.011303014 0.999913216 0.006770551 -0.841008127 -0.045985464 -0.007283616 0.998915553 81.012092590
0.996822119 0.010493664 0.078965090 -5.440450668 -0.011176420 0.999903858 0.008209307 -0.848172069 -0.078871347 -0.009065766 0.996843576 81.462036133
0.993101358 0.010756887 0.116764665 -5.367192268 -0.011834022 0.999893546 0.008535472 -0.849784791 -0.116660431 -0.009858385 0.993122995 81.904411316
0.987339079 0.010511030 0.158274889 -5.278798103 -0.012007455 0.999891698 0.008501274 -0.856364429 -0.158168420 -0.010294116 0.987358451 82.303817749
0.979066014 0.010102360 0.203292146 -5.162612438 -0.012116930 0.999889016 0.008667503 -0.865757823 -0.203182027 -0.010949335 0.979079723 82.718521118
0.967625380 0.012371189 0.252087623 -5.026602268 -0.014416072 0.999876499 0.006266458 -0.870034993 -0.251978934 -0.009697698 0.967684090 83.120346069
0.952081382 0.013537418 0.305544972 -4.876565933 -0.015294489 0.999877393 0.003357419 -0.876198411 -0.305462062 -0.007869690 0.952171624 83.505081177
0.932456195 0.014215933 0.361003309 -4.694554806 -0.015380621 0.999881685 0.000353196 -0.873641193 -0.360955596 -0.005881795 0.932564378 83.869575500
0.908200741 0.014019598 0.418299824 -4.510013580 -0.015127463 0.999885321 -0.000667510 -0.890980422 -0.418261200 -0.005721581 0.908308744 84.192741394
0.879264891 0.014382374 0.476115912 -4.289985180 -0.014614739 0.999888003 -0.003214633 -0.891439259 -0.476108789 -0.004131795 0.879376709 84.517257690
0.845963478 0.013345623 0.533073843 -4.044645786 -0.012109404 0.999909759 -0.005815906 -0.895372093 -0.533103347 -0.001535162 0.846048713 84.819824219
0.808759034 0.012808416 0.588000655 -3.786659956 -0.010786144 0.999917686 -0.006945524 -0.906838775 -0.588041186 -0.000725005 0.808830559 85.116279602
0.768556237 0.011718779 0.639674902 -3.512489557 -0.009973198 0.999930143 -0.006336031 -0.914285362 -0.639704406 -0.001510008 0.768619537 85.389144897
0.726954341 0.010457125 0.686606169 -3.216343880 -0.011272182 0.999930978 -0.003294532 -0.931752980 -0.686593354 -0.005344576 0.727022052 85.618301392
0.683449686 0.009507246 0.729935825 -2.915703058 -0.009849121 0.999944329 -0.003802170 -0.931891620 -0.729931235 -0.004590632 0.683505058 85.807456970
0.636795282 0.008370086 0.770987511 -2.596556425 -0.006608736 0.999963641 -0.005397456 -0.936543584 -0.771004677 -0.001658179 0.636827290 86.015495300
0.590030134 0.005438047 0.807362854 -2.261774778 -0.000966918 0.999981403 -0.006028807 -0.947239161 -0.807380736 0.002776523 0.590024292 86.199424744
0.543701708 0.007668087 0.839243472 -1.924818635 -0.003337584 0.999970138 -0.006974386 -0.959053814 -0.839271903 0.000990940 0.543711007 86.366714478
0.495632052 0.010762525 0.868465841 -1.594857454 -0.006872038 0.999940574 -0.008469973 -0.965211272 -0.868505418 -0.001770141 0.495676458 86.534439087
0.450711459 0.012842800 0.892577350 -1.248298645 -0.007493405 0.999915779 -0.010603403 -0.973901629 -0.892638266 -0.001909369 0.450769544 86.666114807
0.407077610 0.010111503 0.913337529 -0.903961241 -0.000462127 0.999940932 -0.010864312 -0.984460354 -0.913393378 0.004000540 0.407058269 86.790878296
0.367830336 0.002447126 0.929889619 -0.534174144 0.014671883 0.999856830 -0.008434912 -0.988341451 -0.929777145 0.016745845 0.367741823 86.875999451
0.332253486 -0.001200115 0.943189263 -0.166964412 0.018882154 0.999807298 -0.005379384 -0.992241979 -0.943001032 0.019596765 0.332212210 86.968658447
0.299193472 0.003021933 0.954187632 0.201737329 0.016067728 0.999837220 -0.008204674 -0.999737024 -0.954057097 0.017786412 0.299096286 87.066238403
0.267930835 0.010339194 0.963382542 0.562830448 0.005248039 0.999911964 -0.012190788 -1.015527010 -0.963423729 0.008322157 0.267853022 87.167854309
0.239216596 0.015328356 0.970845222 0.946953058 0.000140512 0.999874771 -0.015821315 -1.029414177 -0.970966220 0.003921137 0.239184499 87.260810852
0.213505596 0.016820572 0.976796985 1.337131143 0.001620626 0.999844313 -0.017571680 -1.044627070 -0.976940513 0.005334675 0.213445082 87.325508118
0.189814210 0.018410793 0.981647372 1.747811556 0.008768439 0.999752522 -0.020445846 -1.053374648 -0.981780887 0.012488427 0.189605802 87.383995056
0.170205146 0.024184654 0.985111773 2.157192707 0.015716229 0.999505043 -0.027253421 -1.058892369 -0.985283315 0.020120913 0.169740781 87.419036865
0.150248125 0.031551138 0.988144875 2.579383135 0.018156890 0.999233961 -0.034665983 -1.050275207 -0.988481522 0.023150129 0.149560198 87.476142883
0.132510081 0.032145835 0.990660191 3.019408464 0.016060693 0.999273062 -0.034573585 -1.064026952 -0.991051555 0.020492034 0.131897464 87.532546997
0.117171533 0.027745795 0.992724001 3.482327223 0.013825318 0.999467194 -0.029566068 -1.089951158 -0.993015528 0.017189024 0.116725504 87.582382202
0.102336779 0.024487305 0.994448364 3.949830770 0.013483110 0.999571025 -0.026000969 -1.111879468 -0.994658470 0.016069110 0.101962715 87.628471375
0.089330763 0.022199091 0.995754540 4.441747189 0.016171459 0.999587595 -0.023735305 -1.124462605 -0.995870769 0.018223101 0.088934921 87.660263062
0.077740394 0.021378865 0.996744335 4.937066078 0.019883640 0.999538004 -0.022989593 -1.139238358 -0.996775329 0.021606125 0.077279396 87.685630798
0.067437798 0.022156660 0.997477472 5.446403027 0.023434801 0.999442339 -0.023784699 -1.152019024 -0.997448266 0.024979670 0.066880964 87.712493896
0.059602316 0.022690993 0.997964203 5.985427856 0.025526552 0.999379933 -0.024247728 -1.164447427 -0.997895777 0.026919805 0.058986146 87.739349365
0.054077573 0.022875048 0.998274684 6.525553703 0.026604909 0.999349654 -0.024340900 -1.185764909 -0.998182237 0.027875302 0.053433813 87.762283325
0.048725594 0.023972018 0.998524427 7.086035252 0.027947474 0.999287963 -0.025354113 -1.200364232 -0.998421133 0.029141633 0.048020925 87.782096863
0.042749558 0.024618691 0.998782456 7.671794891 0.028210308 0.999268174 -0.025838109 -1.219477057 -0.998687446 0.029280528 0.042023759 87.804748535
0.037997421 0.024549130 0.998976171 8.276379585 0.030781442 0.999195039 -0.025725320 -1.236894369 -0.998803556 0.031727426 0.037211180 87.827110291
0.035276953 0.024652366 0.999073446 8.900659561 0.031997681 0.999155343 -0.025784213 -1.253002286 -0.998865187 0.032877620 0.034458332 87.842498779
0.032323152 0.023969512 0.999189913 9.539559364 0.033293974 0.999131739 -0.025045155 -1.274734616 -0.998922765 0.034076549 0.031497043 87.857414246
0.029804289 0.023367921 0.999282539 10.195822716 0.035343152 0.999076903 -0.024417246 -1.294859409 -0.998930693 0.036045529 0.028950879 87.875427246
0.029263472 0.023007350 0.999306858 10.869744301 0.039825693 0.998914421 -0.024164565 -1.313978314 -0.998778045 0.040505227 0.028315421 87.888023376
0.030502627 0.022581261 0.999279439 11.558944702 0.043413986 0.998771429 -0.023894973 -1.332727313 -0.998591423 0.044111576 0.029484808 87.902557373
0.032847844 0.022277972 0.999212027 12.266622543 0.045314100 0.998690367 -0.023755988 -1.356786013 -0.998432577 0.046058740 0.031795323 87.927574158
0.036663778 0.022499589 0.999074280 12.992194176 0.047473855 0.998578548 -0.024230611 -1.373928070 -0.998199344 0.048318293 0.035543524 87.949256897
0.041192874 0.021869969 0.998911798 13.736419678 0.048048086 0.998560429 -0.023843668 -1.395956993 -0.997995317 0.048977990 0.040082764 87.977943420
0.045062535 0.020292304 0.998778045 14.491032600 0.049532488 0.998518586 -0.022521822 -1.416420341 -0.997755408 0.050486851 0.043990646 88.016838074
0.048544571 0.018693354 0.998646021 15.251980782 0.048565362 0.998598039 -0.021053238 -1.439863324 -0.997639596 0.049521621 0.047568664 88.065414429
0.053075690 0.016669527 0.998451352 16.044387817 0.046063066 0.998755455 -0.019123226 -1.457860947 -0.997527540 0.047006723 0.052241776 88.105522156
0.056610666 0.015781099 0.998271704 16.838626862 0.045199499 0.998809397 -0.018352807 -1.476705313 -0.997372687 0.046160344 0.055829965 88.167930603
0.060913455 0.016420685 0.998007953 17.644367218 0.042704087 0.998906255 -0.019041913 -1.502343893 -0.997229099 0.043778941 0.060145602 88.220664978
0.064112723 0.020578945 0.997730434 18.439247131 0.040091854 0.998927116 -0.023179872 -1.527068019 -0.997136950 0.041486997 0.063218892 88.267402649
0.065328956 0.026184395 0.997520149 19.241352081 0.034232490 0.999008417 -0.028465394 -1.548226237 -0.997276366 0.036007211 0.064367816 88.333137512
0.065175913 0.028938016 0.997454107 20.048574448 0.031251319 0.999029934 -0.031025765 -1.580447555 -0.997384369 0.033193886 0.064208336 88.392417908
0.065630645 0.028494285 0.997437000 20.866647720 0.029043945 0.999114096 -0.030453270 -1.616016984 -0.997421205 0.030968174 0.064744905 88.447654724
0.065553524 0.026739858 0.997490704 21.681114197 0.026127756 0.999252260 -0.028504152 -1.649048209 -0.997506857 0.027930746 0.064805850 88.511634827
0.065729216 0.025633063 0.997508109 22.496835709 0.027249387 0.999251068 -0.027473407 -1.680084944 -0.997465432 0.028987287 0.064981498 88.560516357
0.065437257 0.024701076 0.997550905 23.327116013 0.024650671 0.999348462 -0.026362618 -1.719524264 -0.997552097 0.026315397 0.064785741 88.635864258
0.065854728 0.024925968 0.997517824 24.141391754 0.022933643 0.999386132 -0.026486697 -1.753023744 -0.997565627 0.024620989 0.065242663 88.692008972
0.065495819 0.025772337 0.997519970 24.945022583 0.020029837 0.999431074 -0.027136846 -1.782447219 -0.997651815 0.021757511 0.064942345 88.755508423
0.064450428 0.026813652 0.997560620 25.757865906 0.017440155 0.999455929 -0.027991375 -1.818147540 -0.997768521 0.019201666 0.063947730 88.813758850
0.061390415 0.026721701 0.997756064 26.572256088 0.014137518 0.999517977 -0.027638748 -1.847443581 -0.998013735 0.015802545 0.060983047 88.875091553
0.057432175 0.025482638 0.998024166 27.380453110 0.011631411 0.999589205 -0.026191941 -1.879451156 -0.998281658 0.013112688 0.057112183 88.929290771
0.052737702 0.022886278 0.998346090 28.195890427 0.009914218 0.999676049 -0.023440486 -1.912490487 -0.998559117 0.011134018 0.052493721 88.972869873
0.046897389 0.020669211 0.998685837 29.011159897 0.007905024 0.999746978 -0.021062383 -1.943471909 -0.998868406 0.008882408 0.046722125 89.012466431
0.039267585 0.021264207 0.999002457 29.816066742 0.007602914 0.999738276 -0.021578714 -1.969911098 -0.999199808 0.008442673 0.039095633 89.044570923
0.030931318 0.021885749 0.999281764 30.603483200 0.006992915 0.999730945 -0.022112040 -2.002015829 -0.999497056 0.007671848 0.030769955 89.059631348
0.020914569 0.022339826 0.999531567 31.406776428 0.007479090 0.999718785 -0.022500506 -2.025885820 -0.999753296 0.007946176 0.020741606 89.076774597
0.010359262 0.021399418 0.999717236 32.209476471 0.009256821 0.999726117 -0.021495525 -2.055975914 -0.999903500 0.009476883 0.010158332 89.087821960
-0.000483256 0.020639347 0.999786794 33.001686096 0.007554392 0.999758542 -0.020635109 -2.083687544 -0.999971390 0.007542809 -0.000639063 89.089065552
-0.011481246 0.019744443 0.999739051 33.774662018 0.009335351 0.999763548 -0.019637715 -2.106698275 -0.999890447 0.009107451 -0.011662852 89.079734802
-0.022593882 0.020017268 0.999544263 34.554492950 0.009404665 0.999759614 -0.019808993 -2.133467197 -0.999700427 0.008952817 -0.022776704 89.059761047
-0.033868793 0.020983465 0.999205947 35.327301025 0.009559418 0.999740660 -0.020670669 -2.159665108 -0.999380589 0.008851737 -0.034060601 89.034027100
-0.043816436 0.021817354 0.998801291 36.104457855 0.009554460 0.999724925 -0.021418381 -2.190403461 -0.998993874 0.008604530 -0.044012833 88.992027283
-0.054364089 0.022873195 0.998259187 36.869194031 0.010157842 0.999698520 -0.022352992 -2.214641809 -0.998469412 0.008924959 -0.054580044 88.952163696
-0.063964531 0.023495797 0.997675538 37.627002716 0.011195976 0.999676764 -0.022825113 -2.246757984 -0.997889400 0.009709954 -0.064206921 88.899566650
-0.073559076 0.024241464 0.996996224 38.397342682 0.011860405 0.999655128 -0.023431046 -2.269237280 -0.997220337 0.010101211 -0.073821232 88.845825195
-0.082771942 0.024433253 0.996268988 39.137035370 0.012328528 0.999648035 -0.023491848 -2.300522327 -0.996492267 0.010338063 -0.083044030 88.782142639
-0.091651782 0.024009462 0.995501697 39.874366760 0.013757296 0.999644458 -0.022842802 -2.324337959 -0.995696068 0.011601826 -0.091949508 88.715278625
-0.098771907 0.022787785 0.994849086 40.606723785 0.015673215 0.999649405 -0.021341652 -2.353462458 -0.994986653 0.013484530 -0.099094421 88.635025024
-0.104070656 0.021579884 0.994335771 41.332069397 0.018639617 0.999631286 -0.019743927 -2.375137091 -0.994395256 0.016479272 -0.104434520 88.561035156
-0.107800566 0.019878106 0.993973672 42.040115356 0.021786917 0.999607265 -0.017627889 -2.400974035 -0.993933856 0.019755326 -0.108191296 88.475227356
-0.110561408 0.018749317 0.993692279 42.744609833 0.023433128 0.999593318 -0.016253415 -2.422150135 -0.993592978 0.021488324 -0.110955797 88.395927429
-0.111964084 0.017683703 0.993554831 43.428810120 0.023319874 0.999613047 -0.015163606 -2.446401596 -0.993438542 0.021471797 -0.112333149 88.315719604
-0.113180585 0.018189006 0.993407845 44.086856842 0.024520596 0.999579012 -0.015508325 -2.467627764 -0.993271828 0.022603717 -0.113578930 88.243843079
-0.112023562 0.019154776 0.993520916 44.734687805 0.025079506 0.999550164 -0.016443202 -2.487441540 -0.993389010 0.023074986 -0.112453565 88.170936584
-0.109040841 0.021171173 0.993811727 45.366336823 0.026394753 0.999482334 -0.018395945 -2.504960775 -0.993686855 0.024225511 -0.109543204 88.104858398
-0.103910469 0.021343129 0.994357705 45.984233856 0.026211299 0.999481261 -0.018714024 -2.534095287 -0.994241178 0.024118818 -0.104415990 88.040290833
-0.096218139 0.022020912 0.995116711 46.578311920 0.025590258 0.999479592 -0.019643130 -2.556098700 -0.995031238 0.023575265 -0.096731566 87.992088318
-0.084782556 0.022031192 0.996155858 47.162906647 0.024357693 0.999502480 -0.020032139 -2.578453302 -0.996101737 0.022565678 -0.085277006 87.949348450
-0.071052723 0.022149626 0.997226596 47.717834473 0.023851486 0.999505281 -0.020500815 -2.602909088 -0.997187436 0.022328693 -0.071545877 87.918014526
-0.054284781 0.023025492 0.998259962 48.256305695 0.022532584 0.999507725 -0.021828972 -2.633564949 -0.998271286 0.021308390 -0.054776881 87.909423828
-0.032837622 0.025853131 0.999126196 48.787326813 0.020637143 0.999469697 -0.025183752 -2.653535128 -0.999247611 0.019792136 -0.033353742 87.901252747
-0.007982063 0.028901078 0.999550343 49.311962128 0.018763630 0.999410450 -0.028747199 -2.677052736 -0.999792039 0.018525727 -0.008519652 87.913467407
0.019793797 0.030639378 0.999334455 49.824031830 0.016699990 0.999380589 -0.030971576 -2.698867798 -0.999664605 0.017301923 0.019269872 87.953689575
0.052846573 0.030119125 0.998148263 50.336612701 0.013773836 0.999427915 -0.030886987 -2.721524000 -0.998507619 0.015380605 0.052401494 88.001060486
0.091966659 0.027383665 0.995385408 50.800140381 0.012639457 0.999509156 -0.028664906 -2.748253822 -0.995681822 0.015217348 0.091575421 88.044120789
0.133846939 0.023784893 0.990716517 51.336742401 0.010807986 0.999617457 -0.025458757 -2.767909765 -0.990943074 0.014115226 0.133538663 88.145080566
0.179661334 0.019398695 0.983537257 51.824172974 0.008098745 0.999742568 -0.021197708 -2.789591312 -0.983695209 0.011773826 0.179457963 88.254089355
0.227938473 0.016199702 0.973540723 52.307636261 0.003457076 0.999841809 -0.017446771 -2.806639910 -0.973669350 0.007342394 0.227846414 88.398635864
0.280089766 0.014699222 0.959861279 52.775558472 -0.000449191 0.999884784 -0.015181060 -2.824748278 -0.959973693 0.003820901 0.280064076 88.563102722
0.334121943 0.014574291 0.942417085 53.226951599 -0.001958693 0.999889076 -0.014768652 -2.838838577 -0.942527831 0.003088625 0.334113419 88.765098572
0.390239149 0.016294373 0.920569301 53.639469147 0.001205805 0.999833465 -0.018208528 -2.836886644 -0.920712650 0.008215707 0.390154630 88.989425659
0.450714439 0.018642057 0.892473519 54.058570862 0.002221286 0.999755383 -0.022004757 -2.862472296 -0.892665386 0.011900301 0.450562835 89.229248047
0.510990024 0.022294620 0.859297514 54.456291199 0.002939245 0.999612391 -0.027682966 -2.876168013 -0.859581649 0.016671404 0.510726392 89.493019104
0.570385575 0.027350029 0.820921600 54.814735413 -0.000499972 0.999456882 -0.032950770 -2.875715256 -0.821376920 0.018384205 0.570089519 89.769912720
0.623394907 0.029431213 0.781353116 55.132293701 -0.004166907 0.999402106 -0.034319945 -2.898025751 -0.781896055 0.018139049 0.623144984 90.115089417
0.676901579 0.029808125 0.735469699 55.460117340 -0.005662592 0.999360919 -0.035291824 -2.919038534 -0.736051738 0.019724423 0.676637828 90.457244873
0.725597441 0.027890254 0.687554002 55.745834351 -0.005930791 0.999394536 -0.034280952 -2.935726404 -0.688093901 0.020796428 0.725323498 90.812629700
0.769593418 0.025656424 0.638018608 55.988616943 -0.009092650 0.999531329 -0.029226048 -2.946666956 -0.638469577 0.016690893 0.769466102 91.203552246
0.811722636 0.021125393 0.583660901 56.253040314 -0.009696029 0.999695480 -0.022698918 -2.952905178 -0.583962619 0.012766032 0.811680138 91.607864380
0.848481297 0.019352708 0.528871417 56.472354889 -0.012468980 0.999784827 -0.016580297 -2.959311485 -0.529078484 0.007473587 0.848539948 92.031242371
0.879479885 0.015812986 0.475673229 56.656448364 -0.013149403 0.999873757 -0.008927031 -2.970086336 -0.475754291 0.001596329 0.879576743 92.464431763
0.905053258 0.017035993 0.424956948 56.816082001 -0.017299760 0.999845207 -0.003238331 -2.981743574 -0.424946278 -0.004420787 0.905207694 92.898246765
0.924830556 0.019345995 0.379887134 56.923145294 -0.021156067 0.999776006 0.000589949 -2.999445915 -0.379790634 -0.008582518 0.925032616 93.292022705
0.940109491 0.024222055 0.340010613 57.054641724 -0.027010046 0.999629140 0.003468503 -3.005404949 -0.339800507 -0.012444476 0.940415204 93.755233765
0.951944470 0.028547503 0.304937035 57.163825989 -0.030830234 0.999521077 0.002672164 -3.006893158 -0.304714769 -0.011945035 0.952368736 94.213912964
0.961143374 0.030999763 0.274303079 57.269798279 -0.033030998 0.999450445 0.002788166 -3.005902529 -0.274065882 -0.011740332 0.961639225 94.680061340
0.967191339 0.025598794 0.252755523 57.378288269 -0.027236503 0.999624670 0.002982058 -3.010024786 -0.252584308 -0.009768399 0.967525601 95.146614075
0.971286476 0.022661554 0.236830890 57.491687775 -0.024391429 0.999692976 0.004376434 -3.025161266 -0.236659020 -0.010027419 0.971540987 95.623092651
0.974073350 0.027093973 0.224603653 57.579357147 -0.028687816 0.999581099 0.003835274 -3.026962042 -0.224405646 -0.010179230 0.974442661 96.121154785
0.975995839 0.032461710 0.215355992 57.661437988 -0.034261703 0.999402165 0.004629441 -3.025411129 -0.215076983 -0.011896780 0.976524651 96.639167786
0.977230787 0.039334107 0.208501011 57.771533966 -0.040777557 0.999164760 0.002627459 -3.014743328 -0.208223492 -0.011069797 0.978018582 97.119873047
0.977547586 0.045224298 0.205804527 57.864315033 -0.046049774 0.998938859 -0.000779686 -3.019841433 -0.205621362 -0.008715072 0.978592753 97.638893127
0.977659583 0.046986338 0.204875678 57.972148895 -0.047273517 0.998875856 -0.003495356 -3.026806593 -0.204809591 -0.006267926 0.978781760 98.177581787
0.977100074 0.045871451 0.207777143 58.082279205 -0.045353569 0.998944581 -0.007258113 -3.035726070 -0.207890779 -0.002331532 0.978149235 98.713752747
0.976383805 0.044793539 0.211348951 58.211250305 -0.042910691 0.998987734 -0.013489063 -3.045537233 -0.211739257 0.004101370 0.977317572 99.261802673
0.975658774 0.043856431 0.214863792 58.346538544 -0.040883023 0.998996973 -0.018265327 -3.046104431 -0.215449348 0.009036445 0.976473153 99.813011169
0.974377513 0.048656926 0.219592050 58.463768005 -0.045812763 0.998787344 -0.018028807 -3.055079460 -0.220202982 0.007506749 0.975425124 100.397926331
0.972958922 0.051660143 0.225126743 58.595230103 -0.049735378 0.998661220 -0.014216455 -3.065164804 -0.225559801 0.002635265 0.974225819 100.985694885
0.972019970 0.048430346 0.229851216 58.742000580 -0.047463946 0.998825550 -0.009734817 -3.075435877 -0.230052739 -0.001447209 0.973177075 101.581344604
0.971289754 0.044523146 0.233695552 58.892959595 -0.044891454 0.998984814 -0.003745631 -3.091490269 -0.233625099 -0.006852841 0.972302616 102.207427979
0.970543146 0.041935995 0.237249374 59.051063538 -0.043405905 0.999057055 0.000973063 -3.100834608 -0.236984864 -0.011242424 0.971448243 102.824424744
0.969985187 0.037174296 0.240305632 59.209411621 -0.038707174 0.999249220 0.001660338 -3.107620955 -0.240063474 -0.010912053 0.970695794 103.461914062
0.969998777 0.033725481 0.240758851 59.369243622 -0.034325775 0.999409258 -0.001701295 -3.112378597 -0.240673974 -0.006613979 0.970583379 104.105163574
0.970130265 0.033174947 0.240305170 59.531902313 -0.032068737 0.999449372 -0.008513442 -3.121674061 -0.240455270 0.000552864 0.970659971 104.749824524
0.970306456 0.035588112 0.239246503 59.691223145 -0.032903686 0.999342918 -0.015206347 -3.131167650 -0.239630461 0.006882724 0.970839798 105.390571594
0.970944643 0.038389623 0.236205056 59.852550507 -0.034866940 0.999210000 -0.019074205 -3.137867689 -0.236750707 0.010284249 0.971516073 106.066627502
0.971537471 0.036737300 0.234019607 60.014804840 -0.034182284 0.999303579 -0.014966042 -3.146516562 -0.234406471 0.006540746 0.972116709 106.765762329
0.971904635 0.032946091 0.233057588 60.178970337 -0.032140300 0.999457121 -0.007255265 -3.162248373 -0.233170092 -0.000439115 0.972435892 107.474304199
0.972520292 0.033290677 0.230425298 60.349342346 -0.033955369 0.999422729 -0.001081352 -3.179718018 -0.230328277 -0.006772541 0.973089397 108.194023132
0.972768307 0.036922924 0.228819519 60.508510590 -0.037472773 0.999295712 -0.001942995 -3.188360214 -0.228730097 -0.006684418 0.973466933 108.922622681
0.973091841 0.042311136 0.226499677 60.666004181 -0.041932512 0.999099433 -0.006484977 -3.197219610 -0.226570085 -0.003187224 0.973989606 109.654968262
0.973897457 0.043560106 0.222769976 60.826972961 -0.042003106 0.999048650 -0.011724917 -3.206421614 -0.223068818 0.002061835 0.974800527 110.383575439
0.974900186 0.041912623 0.218661875 60.996852875 -0.039632492 0.999104619 -0.014805399 -3.216301203 -0.219086647 0.005767670 0.975688338 111.139717102
0.975817680 0.040106427 0.214874774 61.162322998 -0.038176350 0.999184728 -0.013126587 -3.229822159 -0.215226069 0.004606023 0.976553380 111.914115906
0.976669490 0.036230814 0.211669490 61.331012726 -0.034696531 0.999337852 -0.010959458 -3.246098995 -0.211926401 0.003359572 0.977279782 112.691970825
0.977106273 0.034867093 0.209875315 61.498870850 -0.033914354 0.999391675 -0.008137939 -3.259863377 -0.210031360 0.000833846 0.977694273 113.484107971
0.977401912 0.032170616 0.208927155 61.664459229 -0.031648107 0.999482036 -0.005844303 -3.271996975 -0.209006935 -0.000899915 0.977913737 114.286506653
0.977689028 0.026692774 0.208354950 61.838871002 -0.026281260 0.999643505 -0.004743620 -3.280757904 -0.208407298 -0.000838045 0.978041768 115.073562622
0.977793932 0.027618460 0.207740769 62.005096436 -0.027579568 0.999614954 -0.003084100 -3.292431116 -0.207745954 -0.002713786 0.978179097 115.877082825
0.977544248 0.033142116 0.208107740 62.169498444 -0.032771658 0.999449253 -0.005228650 -3.302242756 -0.208166406 -0.001708797 0.978091955 116.702919006
0.977270126 0.038439970 0.208483472 62.336246490 -0.037505746 0.999260962 -0.008433843 -3.315535784 -0.208653525 0.000422817 0.977989495 117.517822266
0.976666510 0.047171418 0.209516689 62.497467041 -0.046102569 0.998886883 -0.009985236 -3.325999498 -0.209754437 0.000092991 0.977754116 118.348564148
0.975762546 0.052765474 0.212375298 62.663188934 -0.051898386 0.998605609 -0.009659314 -3.335684299 -0.212588862 -0.001596738 0.977140367 119.176757812
0.974916637 0.055665419 0.215496644 62.834136963 -0.055314008 0.998439670 -0.007666055 -3.355683565 -0.215587094 -0.004446216 0.976474464 120.016563416
0.974356771 0.056016654 0.217924118 63.017452240 -0.055586565 0.998421013 -0.008108545 -3.381720066 -0.218034208 -0.004213037 0.975932002 120.852264404
0.973968923 0.054794826 0.219959021 63.193088531 -0.053660505 0.998497188 -0.011133062 -3.393337965 -0.220238492 -0.000959854 0.975445569 121.675552368
0.973930120 0.048810754 0.221534431 63.384654999 -0.047859840 0.998807371 -0.009661692 -3.412186861 -0.221741810 -0.001192789 0.975104690 122.515617371
0.974283099 0.042110395 0.221357122 63.589572906 -0.040655248 0.999111235 -0.011127926 -3.434574366 -0.221629009 0.001842422 0.975129247 123.353706360
0.973931193 0.041562635 0.223003462 63.771720886 -0.040046748 0.999133646 -0.011317573 -3.452006578 -0.223280683 0.002091973 0.974751890 124.195556641
0.973490477 0.043797668 0.224494636 63.962913513 -0.043057885 0.999038935 -0.008192332 -3.474018335 -0.224637672 -0.001691104 0.974440873 125.007415771
0.973003507 0.045489810 0.226262435 64.141159058 -0.046162147 0.998931229 -0.002321466 -3.489610434 -0.226126179 -0.008185962 0.974063635 125.847976685
0.972636461 0.049357507 0.227028638 64.324058533 -0.051101353 0.998691797 0.001806376 -3.505870342 -0.226642460 -0.013358415 0.973886371 126.677795410
0.972443283 0.048804309 0.227973774 64.516296387 -0.049072355 0.998785138 -0.004495848 -3.525792360 -0.227916211 -0.006815251 0.973656833 127.512413025
0.972759306 0.044559803 0.227494359 64.711532593 -0.041281447 0.998964012 -0.019150935 -3.541122675 -0.228111997 0.009237956 0.973591089 128.311004639
