1.000000000 0.000000000 0.000000000 0.000000000 0.000000000 1.000000000 0.000000000 0.000000000 0.000000000 0.000000000 1.000000000 0.000000000
0.999991536 -0.002389915 -0.003352198 -0.003475175 0.002382548 0.999994755 -0.002199952 -0.005394244 0.003357438 0.002191947 0.999991953 0.664646506
0.999971211 -0.001107103 -0.007507053 -0.012724851 0.001080185 0.999992967 -0.003588915 -0.010731420 0.007510973 0.003580702 0.999965370 1.358522415
0.999940455 -0.001295687 -0.010831205 -0.035183802 0.001241964 0.999986827 -0.004965248 -0.012582867 0.010837495 0.004951500 0.999929011 2.066367388
0.999878526 0.000086054 -0.015585467 -0.054136261 -0.000175513 0.999983430 -0.005738594 -0.014751938 0.015584718 0.005740632 0.999862075 2.790159941
0.999799430 -0.000431966 -0.020020366 -0.071320727 0.000312570 0.999982119 -0.005966507 -0.023778619 0.020022586 0.005959053 0.999781728 3.533592224
0.999699354 0.000886744 -0.024509063 -0.095422260 -0.001063909 0.999973536 -0.007216443 -0.030145448 0.024502011 0.007240348 0.999673545 4.289007187
0.999569952 0.003468849 -0.029117219 -0.130680948 -0.003704391 0.999960840 -0.008039375 -0.032934893 0.029088190 0.008143779 0.999543726 5.054693222
0.999423563 0.004037846 -0.033708856 -0.159603119 -0.004246380 0.999972284 -0.006117014 -0.049342271 0.033683222 0.006256629 0.999412954 5.843528271
0.999265671 0.003295342 -0.038173124 -0.195487201 -0.003428302 0.999988198 -0.003418142 -0.056247976 0.038161416 0.003546501 0.999265254 6.640429974
0.999136448 0.003317379 -0.041416723 -0.235782057 -0.003351997 0.999993980 -0.000766422 -0.063793331 0.041413937 0.000904588 0.999141634 7.450397968
0.999023616 0.004324057 -0.043967485 -0.277567357 -0.004397452 0.999989092 -0.001572739 -0.072662905 0.043960202 0.001764548 0.999031663 8.258129120
0.998937845 0.003922681 -0.045910504 -0.324952096 -0.004011171 0.999990284 -0.001835496 -0.078145303 0.045902852 0.002017701 0.998943806 9.076579094
0.998875439 0.001283497 -0.047395736 -0.370735109 -0.001399721 0.999996126 -0.002419116 -0.085364424 0.047392447 0.002482736 0.998873293 9.902293205
0.998742163 0.000407278 -0.050138555 -0.400899261 -0.000479741 0.999998868 -0.001433221 -0.094831876 0.050137922 0.001455472 0.998741269 10.751993179
0.998657882 -0.001052033 -0.051780988 -0.445585221 0.000959473 0.999997973 -0.001812352 -0.101698920 0.051782787 0.001760237 0.998656869 11.601696968
0.998570204 0.001313764 -0.053439584 -0.499490291 -0.001527612 0.999991059 -0.003961032 -0.113335378 0.053433903 0.004037003 0.998563290 12.456104279
0.998501420 0.001763537 -0.054699190 -0.551408410 -0.002130531 0.999975622 -0.006651716 -0.121318907 0.054686125 0.006758286 0.998480737 13.320383072
0.998394251 0.005460504 -0.056383632 -0.609958410 -0.005930687 0.999949098 -0.008175055 -0.134504810 0.056336120 0.008496322 0.998375714 14.194781303
0.998323321 0.006931127 -0.057466947 -0.666032195 -0.007392600 0.999942124 -0.007821534 -0.146627307 0.057409409 0.008233250 0.998316705 15.085293770
0.998263240 0.005818582 -0.058621429 -0.722394526 -0.006189943 0.999961913 -0.006155322 -0.161523685 0.058583379 0.006507495 0.998261273 15.969655037
0.998192310 0.006667712 -0.059728187 -0.785256326 -0.006986405 0.999962449 -0.005128482 -0.169175282 0.059691746 0.005536497 0.998201549 16.867155075
0.998130500 0.005856681 -0.060836118 -0.843513787 -0.006152054 0.999970198 -0.004669068 -0.187897891 0.060806956 0.005034607 0.998136878 17.773130417
0.998009205 0.006126432 -0.062770173 -0.896402478 -0.006482628 0.999963999 -0.005472517 -0.203503191 0.062734388 0.005868538 0.998012960 18.674421310
0.997962534 0.004647975 -0.063633487 -0.961144269 -0.005026038 0.999970615 -0.005782464 -0.219689071 0.063604750 0.006090506 0.997956574 19.589324951
0.997917652 0.004164771 -0.064366050 -1.016731977 -0.004444112 0.999981165 -0.004197311 -0.229207635 0.064347371 0.004474619 0.997917533 20.506282806
0.997923136 0.006326106 -0.064104170 -1.082372785 -0.006415499 0.999978721 -0.001188743 -0.238072932 0.064095289 0.001597534 0.997942507 21.427434921
0.997984588 0.007171527 -0.063049227 -1.147309065 -0.007024660 0.999972165 0.002550751 -0.246096373 0.063065767 -0.002102711 0.998007119 22.358873367
0.998089790 0.006445783 -0.061442699 -1.209008336 -0.006113173 0.999965668 0.005599789 -0.254835933 0.061476685 -0.005213482 0.998094916 23.291709900
0.998181283 0.005963131 -0.059989676 -1.265501857 -0.005581446 0.999963105 0.006528080 -0.263406485 0.060026396 -0.006181378 0.998177648 24.232948303
0.998260260 0.006397953 -0.058613263 -1.320570350 -0.006194159 0.999974072 0.003657960 -0.269085824 0.058635142 -0.003288535 0.998274148 25.175603867
0.998302937 0.006849630 -0.057829354 -1.378794193 -0.006912480 0.999975681 -0.000886838 -0.278109163 0.057821877 0.001285077 0.998326123 26.114179611
0.998367310 0.006933552 -0.056696594 -1.431023479 -0.007176484 0.999965847 -0.004082291 -0.285465002 0.056666356 0.004482509 0.998383045 27.061979294
0.998410761 0.004234983 -0.056195993 -1.481172681 -0.004428096 0.999984741 -0.003312333 -0.292642772 0.056181107 0.003555911 0.998414218 28.020812988
0.998429835 0.002621780 -0.055954721 -1.545612454 -0.002514744 0.999994814 0.001983217 -0.307310373 0.055959634 -0.001839392 0.998431385 28.994758606
0.998387516 -0.000825234 -0.056760363 -1.598561883 0.001131791 0.999984920 0.005368972 -0.317758709 0.056755081 -0.005424556 0.998373389 29.949922562
0.998278916 -0.008074593 -0.058087479 -1.645323873 0.008359708 0.999954164 0.004667039 -0.323795289 0.058047138 -0.005144601 0.998300552 30.926727295
0.998183906 -0.010418148 -0.059331417 -1.701788187 0.010483968 0.999944687 0.000798164 -0.328937620 0.059319824 -0.001418743 0.998238027 31.892435074
0.998100400 -0.010322237 -0.060736801 -1.762823224 0.010149429 0.999943554 -0.003153034 -0.335121602 0.060765915 0.002530600 0.998148859 32.870376587
0.998023152 -0.008243720 -0.062304642 -1.844281316 0.008001518 0.999959528 -0.004135882 -0.345659107 0.062336210 0.003629174 0.998048604 33.851890564
0.997950017 -0.008905928 -0.063375518 -1.894246697 0.008777992 0.999958813 -0.002296887 -0.362519532 0.063393362 0.001735869 0.997987092 34.826847076
0.997882962 -0.005883435 -0.064768150 -1.962539792 0.005931296 0.999982238 0.000546660 -0.375947416 0.064763777 -0.000929662 0.997900188 35.824836731
0.997811675 -0.005699934 -0.065874182 -2.031516075 0.005838737 0.999981046 0.001914761 -0.389417499 0.065862037 -0.002295193 0.997826099 36.806392670
0.997758746 -0.004574595 -0.066756830 -2.101105928 0.004881982 0.999978244 0.004442179 -0.396645427 0.066735052 -0.004758130 0.997759402 37.785667419
0.997760952 -0.004482620 -0.066730000 -2.164889574 0.004996310 0.999959171 0.007533139 -0.406392425 0.066693500 -0.007849676 0.997742653 38.778739929
0.997735381 0.000741797 -0.067257285 -2.241931438 -0.000087068 0.999952614 0.009737099 -0.406469315 0.067261323 -0.009709191 0.997688174 39.763019562
0.997727633 0.001579780 -0.067358010 -2.319740057 -0.000962894 0.999957263 0.009189788 -0.413931280 0.067369655 -0.009104046 0.997686565 40.763530731
0.997739673 0.001511711 -0.067181744 -2.392644405 -0.001013284 0.999971747 0.007452541 -0.414410949 0.067191117 -0.007367622 0.997712910 41.757713318
0.997719824 0.003912302 -0.067379326 -2.464612484 -0.003565337 0.999979794 0.005268907 -0.423477978 0.067398570 -0.005016664 0.997713506 42.756664276
0.997663617 0.003021819 -0.068250492 -2.529578924 -0.002665059 0.999982297 0.005317662 -0.428454340 0.068265356 -0.005123347 0.997653961 43.725051880
0.997593343 0.001469282 -0.069320358 -2.601207495 -0.001031400 0.999979317 0.006352157 -0.435023278 0.069328249 -0.006265373 0.997574210 44.709056854
0.997532070 0.002088940 -0.070180625 -2.671982050 -0.001561594 0.999970198 0.007568138 -0.445957601 0.070194341 -0.007439867 0.997505546 45.684394836
0.997504294 0.004141159 -0.070484601 -2.745304585 -0.003863979 0.999984205 0.004068379 -0.454143286 0.070500329 -0.003785874 0.997504592 46.665134430
0.997452080 0.004223894 -0.071213745 -2.826189280 -0.004248931 0.999991059 -0.000200093 -0.454576850 0.071212232 0.000502166 0.997461081 47.625358582
0.997426510 0.005506625 -0.071484275 -2.906591654 -0.005627421 0.999983072 -0.001488542 -0.463341683 0.071474858 0.001886983 0.997440636 48.594085693
0.997424901 0.004215608 -0.071595840 -2.981007814 -0.004056080 0.999989033 0.002373412 -0.482279450 0.071605049 -0.002076901 0.997430980 49.563652039
0.997386515 0.002003023 -0.072223105 -3.037138224 -0.001611195 0.999983609 0.005483105 -0.490396440 0.072232910 -0.005352410 0.997373402 50.525379181
0.997355103 0.000418587 -0.072682045 -3.106772661 0.000019668 0.999981821 0.006028942 -0.499266267 0.072683252 -0.006014426 0.997336864 51.490112305
0.997324884 -0.002866980 -0.073040232 -3.173902988 0.003234192 0.999982715 0.004909765 -0.509009719 0.073024899 -0.005132857 0.997316897 52.446144104
0.997291446 -0.006364780 -0.073275276 -3.235841036 0.006662199 0.999970496 0.003815227 -0.519658685 0.073248841 -0.004293067 0.997304380 53.389308929
0.997226775 -0.007866573 -0.074006528 -3.310580730 0.008265245 0.999952972 0.005082243 -0.529534161 0.073963076 -0.005679830 0.997244716 54.341373444
0.997077823 -0.011524560 -0.075518511 -3.376604319 0.012252565 0.999882758 0.009183859 -0.532355905 0.075403824 -0.010082315 0.997102082 55.294109344
0.997044683 -0.011494887 -0.075958036 -3.448458672 0.012574477 0.999826312 0.013750013 -0.532325625 0.075786784 -0.014664514 0.997016191 56.237274170
0.997017324 -0.009872479 -0.076543547 -3.526087999 0.011117333 0.999812365 0.015854292 -0.531305313 0.076372668 -0.016657965 0.996940196 57.185886383
0.996918321 -0.008307774 -0.078005619 -3.604379892 0.009245705 0.999889076 0.011670421 -0.532028019 0.077900015 -0.012355672 0.996884584 58.116344452
0.996811688 -0.006773503 -0.079501912 -3.675562620 0.007124998 0.999966025 0.004138372 -0.540859878 0.079471178 -0.004691630 0.996826112 59.024627686
0.996765792 -0.005400139 -0.080178753 -3.757234335 0.005376577 0.999985516 -0.000509754 -0.551937222 0.080180332 0.000077018 0.996780396 59.948921204
0.996722162 -0.000261601 -0.080900021 -3.844244242 0.000274792 0.999999940 0.000151926 -0.560397804 0.080899976 -0.000173659 0.996722221 60.851665497
0.996596932 0.002637399 -0.082386658 -3.924884319 -0.002431247 0.999993682 0.002602467 -0.576284945 0.082393005 -0.002393308 0.996597052 61.746479034
0.996514022 0.005024276 -0.083273649 -4.001775265 -0.004690656 0.999980152 0.004201476 -0.590393960 0.083293088 -0.003796222 0.996517837 62.631935120
0.996388853 0.005647663 -0.084719524 -4.075823784 -0.005342799 0.999978364 0.003824822 -0.598340929 0.084739290 -0.003358370 0.996397436 63.498985291
0.996270955 0.007412658 -0.085960589 -4.158763885 -0.007011498 0.999963105 0.004967758 -0.609411776 0.085994236 -0.004346521 0.996286094 64.347427368
0.996136427 0.008475116 -0.087408699 -4.238002777 -0.008031826 0.999953091 0.005421896 -0.618977666 0.087450542 -0.004698898 0.996157765 65.189453125
0.996018708 0.008088970 -0.088776849 -4.310707569 -0.007583886 0.999953091 0.006025197 -0.631241560 0.088821419 -0.005327935 0.996033311 66.006233215
0.995920062 0.007556916 -0.089923523 -4.385820866 -0.006960944 0.999951661 0.006939315 -0.634341061 0.089971609 -0.006285050 0.995924473 66.812759399
0.995769441 0.010527740 -0.091281608 -4.467996120 -0.009679968 0.999905884 0.009725207 -0.642112732 0.091375396 -0.008800462 0.995777547 67.616279602
0.995615184 0.011935609 -0.092779949 -4.542753220 -0.010702492 0.999847829 0.013777027 -0.646997988 0.092930257 -0.012723641 0.995591283 68.408157349
0.995432377 0.015007279 -0.094282843 -4.630121708 -0.013597232 0.999786139 0.015580210 -0.650825739 0.094496503 -0.014227059 0.995423436 69.179908752
0.995277584 0.017990602 -0.095387608 -4.711011410 -0.016977053 0.999790609 0.011426573 -0.657674313 0.095573194 -0.009753211 0.995374620 69.926452637
0.995137870 0.017891800 -0.096853323 -4.783846378 -0.017565064 0.999836802 0.004225190 -0.665152431 0.096913114 -0.002503412 0.995289683 70.649185181
0.995009422 0.017176265 -0.098291732 -4.857907295 -0.017415650 0.999847054 -0.001577911 -0.674643159 0.098249584 0.003281851 0.995156407 71.360321045
0.994950593 0.017530886 -0.098823510 -4.930519104 -0.017896352 0.999835849 -0.002812821 -0.678822160 0.098757967 0.004567198 0.995101035 72.056045532
0.994832635 0.020449679 -0.099447802 -5.009322166 -0.020475179 0.999790013 0.000764312 -0.689853847 0.099442557 0.001275849 0.995042503 72.732223511
0.994695485 0.020984475 -0.100700036 -5.081494331 -0.020774169 0.999779284 0.003136744 -0.707722366 0.100743636 -0.001028146 0.994911849 73.386001587
0.994676948 0.017655013 -0.101518981 -5.147328377 -0.017782249 0.999841809 -0.000348420 -0.714883268 0.101496786 0.002151801 0.994833529 74.012046814
0.994776547 0.009414423 -0.101641439 -5.200197220 -0.010005437 0.999935806 -0.005306429 -0.732770383 0.101584964 0.006295677 0.994806945 74.633453369
0.994890034 0.005439975 -0.100817010 -5.251671314 -0.006507711 0.999926090 -0.010264981 -0.738930702 0.100753725 0.010868614 0.994852006 75.231994629
0.995179415 0.007578121 -0.097778164 -5.309990406 -0.008656008 0.999906301 -0.010604286 -0.750285983 0.097688645 0.011399534 0.995151699 75.812156677
0.995536208 0.012842742 -0.093502738 -5.376213074 -0.013599649 0.999879599 -0.007462298 -0.765588522 0.093395658 0.008700592 0.995590985 76.384132385
0.995985210 0.011359673 -0.088793755 -5.426407337 -0.011782006 0.999921620 -0.004233670 -0.777686954 0.088738687 0.005262842 0.996041059 76.939826965
0.996509373 0.007915799 -0.083104767 -5.461623669 -0.007976948 0.999968112 -0.000403781 -0.781265199 0.083098903 0.001065294 0.996540666 77.488662720
0.997178972 0.003122439 -0.074995741 -5.490014076 -0.002890842 0.999990702 0.003196492 -0.799356878 0.075005025 -0.002970673 0.997178733 78.016265869
0.997895777 0.006797691 -0.064480469 -5.520956516 -0.006612144 0.999973357 0.003090535 -0.808651388 0.064499751 -0.002657678 0.997914195 78.532066345
0.998711467 0.011882600 -0.049337860 -5.547758102 -0.011769663 0.999927402 0.002578986 -0.816884160 0.049364924 -0.001994973 0.998778820 79.036338806
0.999375522 0.017106116 -0.030918719 -5.566453934 -0.017018255 0.999850333 0.003102594 -0.820647418 0.030967161 -0.002574473 0.999517083 79.527999878
0.999837995 0.015534115 -0.009083790 -5.551077366 -0.015501108 0.999872983 0.003692861 -0.827458203 0.009140003 -0.003551454 0.999951899 80.004478455
0.999775708 0.012131106 0.017359534 -5.523028374 -0.012210761 0.999915421 0.004489932 -0.832628787 -0.017303599 -0.004700898 0.999839246 80.471008301
0.998862088 0.011027658 0.046398606 -5.473670006 -0.011307679 0.999919355 0.005776962 -0.837455153 -0.046331160 -0.006295049 0.998906255 80.928970337
0.996753216 0.010683367 0.079805367 -5.423439503 -0.011335875 0.999905825 0.007727642 -0.851314783 -0.079715297 -0.008607214 0.996780515 81.378578186
0.993036628 0.010370797 0.117348544 -5.349383354 -0.011411629 0.999901235 0.008201162 -0.857063413 -0.117251910 -0.009483194 0.993056893 81.801933289
0.987255931 0.010689953 0.158781245 -5.254230022 -0.012116870 0.999894321 0.008021260 -0.860541940 -0.158678725 -0.009842968 0.987281203 82.228538513
0.978979349 0.010015124 0.203713313 -5.133331299 -0.011873299 0.999898314 0.007901349 -0.867093444 -0.203613460 -0.010154005 0.978998721 82.646789551
0.967429340 0.012281387 0.252843052 -5.006087780 -0.014194348 0.999882698 0.005743017 -0.875704944 -0.252742916 -0.009144905 0.967490315 83.043281555
0.951914608 0.013785709 0.306053102 -4.856119633 -0.015368119 0.999878049 0.002761317 -0.883523345 -0.305977702 -0.007331998 0.952010512 83.419433594
0.932035208 0.013321797 0.362122685 -4.691819191 -0.014731069 0.999890804 0.001130924 -0.896160007 -0.362068117 -0.006388516 0.932129681 83.767639160
0.907888114 0.013606302 0.418991715 -4.486641407 -0.014619884 0.999892771 -0.000791487 -0.901333869 -0.418957561 -0.005407029 0.907989621 84.114311218
0.878962338 0.013925323 0.476687789 -4.265316963 -0.014006709 0.999896169 -0.003382733 -0.902562737 -0.476685435 -0.003703532 0.879066169 84.438880920
0.845282555 0.012479100 0.534173787 -4.026714325 -0.011662460 0.999919951 -0.004904821 -0.916306257 -0.534192264 -0.002083821 0.845360458 84.746696472
0.807990253 0.013062424 0.589050949 -3.769776821 -0.010905527 0.999914527 -0.007214565 -0.916461349 -0.589094937 -0.000594612 0.808063626 85.038284302
0.768017411 0.010888365 0.640336394 -3.486876488 -0.009349355 0.999939561 -0.005789516 -0.931507468 -0.640360713 -0.001540284 0.768072724 85.317489624
0.725537419 0.011445251 0.688087463 -3.204245329 -0.012221019 0.999918282 -0.003745903 -0.939866841 -0.688074112 -0.005691337 0.725618005 85.547775269
0.679961443 0.010595005 0.733171284 -2.899797916 -0.011230336 0.999928772 -0.004034602 -0.942548096 -0.733161807 -0.005490387 0.680032015 85.779701233
0.633436024 0.009463475 0.773737252 -2.576778173 -0.008286963 0.999950767 -0.005445970 -0.949466109 -0.773750722 -0.002962259 0.633483231 85.982383728
0.586375356 0.006632705 0.810012341 -2.241841316 -0.002568747 0.999976635 -0.006328670 -0.960143089 -0.810035348 0.001630259 0.586378694 86.166969299
0.539745152 0.008421009 0.841786385 -1.905564785 -0.004474729 0.999964416 -0.007134230 -0.972666323 -0.841816604 0.000083900 0.539763570 86.335639954
0.492601454 0.011594705 0.870177805 -1.572983146 -0.007838397 0.999929667 -0.008886327 -0.979846120 -0.870219767 -0.002443383 0.492657751 86.485702515
0.447490573 0.013593495 0.894185364 -1.230645776 -0.008821528 0.999902844 -0.010785934 -0.990756154 -0.894245148 -0.003061478 0.447567075 86.614715576
0.402687728 0.011344286 0.915267229 -0.891620040 -0.002187205 0.999932289 -0.011431368 -0.998438478 -0.915334761 0.002601394 0.402685344 86.753349304
0.363269120 0.003514900 0.931677639 -0.522306025 0.012996722 0.999876499 -0.008839723 -1.004502177 -0.931593537 0.015319954 0.363178551 86.837585449
0.327842146 -0.000154029 0.944732487 -0.152383968 0.017171197 0.999835730 -0.005795754 -1.008704782 -0.944576561 0.018122280 0.327790946 86.927711487
0.294970840 0.004073635 0.955497622 0.218399450 0.014666663 0.999853730 -0.008790474 -1.015327334 -0.955393732 0.016606893 0.294867933 87.021553040
0.263712108 0.011479688 0.964533091 0.580037415 0.003711666 0.999909759 -0.012915537 -1.031047702 -0.964594305 0.006986008 0.263645679 87.120063782
0.234563679 0.016504645 0.971960545 0.962604642 -0.001286751 0.999860227 -0.016667865 -1.043735147 -0.972099841 0.002659005 0.234552175 87.214874268
0.208812550 0.018175883 0.977786779 1.353607297 0.000160438 0.999826670 -0.018619839 -1.058412433 -0.977955699 0.004044930 0.208773434 87.278182983
0.185147673 0.019842880 0.982510328 1.764740944 0.007497003 0.999738574 -0.021603581 -1.066450000 -0.982682168 0.011365734 0.184950471 87.334983826
0.165279090 0.025678681 0.985912442 2.173781157 0.014264975 0.999494135 -0.028423814 -1.072677612 -0.986143708 0.018761879 0.164829195 87.369461060
0.145632967 0.032818202 0.988794208 2.599362135 0.016358892 0.999233127 -0.035574067 -1.066977143 -0.989203572 0.021356340 0.144984439 87.420135498
0.127865717 0.033351358 0.991230547 3.037552834 0.014346279 0.999267697 -0.035472404 -1.081154585 -0.991687715 0.018756175 0.127293602 87.473693848
0.112581134 0.028903393 0.993222058 3.500633717 0.011925328 0.999465585 -0.030436810 -1.108474135 -0.993570983 0.015271107 0.112176284 87.519699097
0.097767986 0.025807243 0.994874537 3.969468355 0.012010439 0.999560356 -0.027109081 -1.128660202 -0.995136738 0.014599281 0.097415045 87.565223694
0.084812284 0.023478705 0.996120393 4.454256535 0.014827321 0.999581933 -0.024822740 -1.143084168 -0.996286631 0.016875068 0.084428705 87.590179443
0.073145412 0.022764720 0.997061431 4.948215008 0.018560885 0.999535263 -0.024182845 -1.157717109 -0.997148514 0.020275207 0.072688892 87.613990784
0.062864102 0.023474721 0.997745991 5.460583687 0.021762419 0.999453425 -0.024886055 -1.172867179 -0.997784853 0.023277804 0.062318880 87.639884949
0.055069763 0.024140222 0.998190641 5.999572277 0.024032839 0.999386013 -0.025495015 -1.184967041 -0.998193264 0.025393363 0.054455794 87.662170410
0.049602449 0.024208402 0.998475611 6.534850597 0.025151454 0.999358892 -0.025479296 -1.206993937 -0.998452306 0.026376946 0.048961777 87.677566528
0.044193022 0.025266746 0.998703420 7.096683979 0.026527403 0.999297976 -0.026455633 -1.222816825 -0.998670757 0.027662165 0.043491732 87.695762634
0.038221423 0.025972351 0.998931706 7.681785583 0.026780317 0.999276400 -0.027005991 -1.242593765 -0.998910367 0.027783917 0.037498221 87.715736389
0.033605006 0.025885766 0.999099910 8.287240028 0.029410038 0.999205947 -0.026877727 -1.260303617 -0.999002397 0.030286791 0.032817014 87.733451843
0.030795259 0.026018936 0.999186993 8.911901474 0.030695602 0.999164999 -0.026964411 -1.277608991 -0.999054313 0.031501021 0.029970877 87.746681213
0.027835725 0.025223317 0.999294221 9.549579620 0.031892598 0.999150217 -0.026108064 -1.301597118 -0.999103606 0.032596823 0.027007634 87.759468079
0.025353136 0.024644926 0.999374747 10.205006599 0.033919364 0.999099374 -0.025498630 -1.322291136 -0.999102950 0.034544632 0.024494357 87.774597168
0.024715733 0.024253964 0.999400258 10.880839348 0.038292937 0.998948991 -0.025190022 -1.343264937 -0.998960853 0.038892560 0.023761000 87.784690857
0.025903810 0.023819756 0.999380589 11.571156502 0.041856423 0.998813570 -0.024891149 -1.362535000 -0.998787820 0.042475276 0.024876067 87.797264099
0.028337143 0.023605946 0.999319613 12.277297020 0.043892842 0.998727441 -0.024836604 -1.387074828 -0.998634279 0.044566773 0.027264955 87.817375183
0.032086257 0.023720047 0.999203622 13.012848854 0.045645539 0.998640478 -0.025172437 -1.406216264 -0.998442292 0.046416875 0.030959919 87.836814880
0.036605202 0.023182364 0.999060810 13.751793861 0.046119735 0.998626471 -0.024862092 -1.428093791 -0.998265088 0.046986505 0.035485763 87.862625122
0.040703032 0.021531314 0.998939276 14.510351181 0.047865011 0.998577952 -0.023473844 -1.449638247 -0.998024225 0.048769694 0.039614558 87.894683838
0.044118959 0.020213548 0.998821795 15.274996758 0.046787884 0.998656392 -0.022276867 -1.470096350 -0.997930110 0.047715586 0.043113932 87.941261292
0.048758164 0.017858814 0.998650968 16.071968079 0.044291545 0.998817921 -0.020024292 -1.493797064 -0.997828066 0.045208149 0.047909528 87.973625183
0.052432548 0.016947715 0.998480618 16.864664078 0.043370541 0.998873949 -0.019231874 -1.513868809 -0.997682154 0.044313032 0.051638473 88.030044556
0.056611586 0.017604621 0.998241067 17.673120499 0.040875625 0.998965383 -0.019935504 -1.539329171 -0.997559190 0.041932307 0.055833418 88.081764221
0.059899021 0.021801017 0.997966349 18.469572067 0.038254898 0.998976886 -0.024119193 -1.564270496 -0.997471154 0.039621808 0.059003733 88.124565125
0.061127111 0.027326485 0.997755885 19.269804001 0.032422617 0.999043345 -0.029348103 -1.587049603 -0.997603178 0.034143824 0.060182635 88.185241699
0.060960401 0.030253723 0.997681618 20.079626083 0.029659405 0.999044240 -0.032107297 -1.616721749 -0.997699440 0.031547911 0.060004830 88.243095398
0.061198208 0.029768718 0.997681558 20.902391434 0.027211159 0.999133885 -0.031481192 -1.653860211 -0.997754574 0.029074663 0.060335163 88.298538208
0.061248083 0.028150376 0.997725487 21.720132828 0.024232378 0.999265671 -0.029681398 -1.685909510 -0.997828305 0.025995189 0.060520947 88.357406616
0.061264068 0.026893640 0.997759223 22.532546997 0.025472848 0.999269247 -0.028498419 -1.720670938 -0.997796476 0.027161695 0.060534239 88.405532837
0.061180949 0.025730563 0.997794926 23.360649109 0.022829410 0.999370039 -0.027170993 -1.763524652 -0.997865498 0.024441417 0.060554996 88.470642090
0.061655950 0.025736334 0.997765541 24.175226212 0.021150704 0.999409378 -0.027085718 -1.799563408 -0.997873306 0.022773443 0.061075188 88.522148132
0.061083656 0.026813732 0.997772455 24.980813980 0.018253310 0.999441922 -0.027976068 -1.827115774 -0.997965753 0.019921528 0.060560126 88.585502625
0.060106263 0.028008858 0.997798920 25.789913177 0.015541107 0.999458849 -0.028991630 -1.862599254 -0.998071015 0.017249484 0.059638444 88.637405396
0.056988582 0.027782714 0.997988164 26.604225159 0.012175320 0.999519050 -0.028520584 -1.893858433 -0.998300552 0.013776176 0.056622915 88.695610046
0.053200152 0.026565667 0.998230398 27.411848068 0.009870880 0.999583304 -0.027127730 -1.925762415 -0.998535097 0.011296615 0.052915752 88.743904114
0.048466053 0.023855085 0.998539865 28.230134964 0.008050105 0.999672949 -0.024272881 -1.960252523 -0.998792350 0.009214761 0.048258159 88.784492493
0.042719245 0.021610264 0.998853385 29.046022415 0.005979381 0.999742687 -0.021885229 -1.992311120 -0.999069214 0.006907445 0.042579025 88.819602966
0.035111833 0.022218186 0.999136448 29.854179382 0.005609220 0.999732673 -0.022428570 -2.018885851 -0.999367654 0.006391884 0.034977827 88.849723816
0.026700791 0.022856282 0.999382079 30.640272141 0.005142740 0.999722183 -0.023001458 -2.052891731 -0.999630213 0.005753718 0.026575832 88.862480164
0.016443457 0.023311151 0.999592960 31.441106796 0.005645355 0.999710083 -0.023406748 -2.078284502 -0.999848843 0.006027945 0.016307093 88.877296448
0.006229325 0.022409486 0.999729455 32.245246887 0.007368589 0.999720633 -0.022455201 -2.108129978 -0.999953449 0.007506476 0.006062460 88.882522583
-0.004730919 0.021445306 0.999758899 33.037757874 0.006769396 0.999747753 -0.021413038 -2.137288809 -0.999965906 0.006666459 -0.004874900 88.878433228
-0.015976785 0.020584252 0.999660432 33.807212830 0.007544053 0.999762118 -0.020465773 -2.162477493 -0.999843895 0.007214515 -0.016128276 88.873222351
-0.026930513 0.020833362 0.999420166 34.587631226 0.007644263 0.999757886 -0.020634416 -2.189765930 -0.999608040 0.007084135 -0.027083250 88.848632812
-0.038321409 0.021722056 0.999029279 35.359516144 0.007782661 0.999739885 -0.021438973 -2.216989517 -0.999235094 0.006953535 -0.038480490 88.819961548
-0.048148207 0.022602869 0.998584449 36.129665375 0.007643653 0.999723136 -0.022260088 -2.248365641 -0.998810947 0.006561050 -0.048307646 88.770233154
-0.058695409 0.023677165 0.997995079 36.894527435 0.008202356 0.999696374 -0.023235120 -2.273318052 -0.998242259 0.006822116 -0.058871794 88.726821899
-0.068022273 0.024383703 0.997385859 37.657997131 0.009480403 0.999671936 -0.023793027 -2.304008722 -0.997638702 0.007837162 -0.068231121 88.668502808
-0.077985771 0.025073433 0.996639132 38.411018372 0.009200065 0.999659181 -0.024429517 -2.327301264 -0.996912003 0.007263990 -0.078189872 88.616065979
-0.087200440 0.025157901 0.995873094 39.149765015 0.009817999 0.999654233 -0.024393739 -2.360203505 -0.996142328 0.007650336 -0.087417282 88.549491882
-0.095947206 0.024669275 0.995080709 39.884891510 0.011228068 0.999656081 -0.023700075 -2.385496378 -0.995323062 0.008898878 -0.096191190 88.477188110
-0.102902174 0.023398336 0.994416237 40.609054565 0.012978493 0.999669790 -0.022178935 -2.418186665 -0.994606733 0.010623766 -0.103171870 88.387031555
-0.108131826 0.022077791 0.993891358 41.332481384 0.015910272 0.999663770 -0.020475034 -2.442020416 -0.994009197 0.013599079 -0.108446740 88.308036804
-0.111938827 0.020575415 0.993502021 42.042282104 0.019194564 0.999643862 -0.018539939 -2.465611219 -0.993529677 0.016994501 -0.112293892 88.222465515
-0.114690445 0.019275034 0.993214250 42.744510651 0.020789921 0.999639273 -0.016999034 -2.490269184 -0.993183732 0.018699219 -0.115049809 88.138168335
-0.116286814 0.018241802 0.993048131 43.428760529 0.020666825 0.999659300 -0.015943147 -2.515138388 -0.993000627 0.018669177 -0.116624206 88.057563782
-0.117102042 0.018962836 0.992938757 44.092319489 0.021933870 0.999623120 -0.016503725 -2.534260035 -0.992877662 0.019846370 -0.117473848 87.977561951
-0.116004862 0.019827187 0.993050694 44.740398407 0.022333490 0.999599993 -0.017349029 -2.555717707 -0.992997587 0.020165719 -0.116401277 87.902343750
-0.113035880 0.021716475 0.993353605 45.365798950 0.023497239 0.999539971 -0.019177917 -2.575595140 -0.993313074 0.021173274 -0.113494143 87.833946228
-0.107857376 0.022000713 0.993922889 45.985778809 0.023305086 0.999536335 -0.019595971 -2.603605747 -0.993893206 0.021049889 -0.108320110 87.766334534
-0.100035056 0.022669205 0.994725645 46.579528809 0.022832915 0.999529541 -0.020482475 -2.625627995 -0.994721889 0.020663517 -0.100505590 87.714202881
-0.088638596 0.022745874 0.995804071 47.167751312 0.021817930 0.999543726 -0.020889230 -2.646717787 -0.995824873 0.019874794 -0.089094408 87.668151855
-0.075080983 0.022778051 0.996917248 47.721397400 0.021136384 0.999550819 -0.021246372 -2.673371792 -0.996953428 0.019476028 -0.075528711 87.637222290
-0.058349714 0.023668775 0.998015523 48.260295868 0.019730277 0.999550939 -0.022551641 -2.704999685 -0.998101294 0.018375242 -0.058790494 87.625816345
-0.036611877 0.026614042 0.998975098 48.772476196 0.017677639 0.999506056 -0.025980314 -2.721704960 -0.999173105 0.016708333 -0.037064273 87.612579346
-0.012014113 0.029573867 0.999490380 49.294361115 0.015543636 0.999447286 -0.029385749 -2.746978283 -0.999807000 0.015182668 -0.012467163 87.625564575
0.015871052 0.031316370 0.999383450 49.807903290 0.013709216 0.999408603 -0.031534869 -2.767961025 -0.999779999 0.014201258 0.015432345 87.663032532
0.048935842 0.030666750 0.998330951 50.320182800 0.010982036 0.999451578 -0.031239484 -2.792062044 -0.998741567 0.012492437 0.048572231 87.709037781
0.087975204 0.027965348 0.995729983 50.783283234 0.009807608 0.999532998 -0.028938685 -2.819520712 -0.996074378 0.012311619 0.087659843 87.748382568
0.129598022 0.024116840 0.991273284 51.309238434 0.007873598 0.999647617 -0.025349969 -2.842063665 -0.991535366 0.011090193 0.129362479 87.848342896
0.175644502 0.019900627 0.984252512 51.797428131 0.005120767 0.999763548 -0.021128071 -2.860252857 -0.984440327 0.008751157 0.175501078 87.952583313
0.223716721 0.016509442 0.974514425 52.285049438 0.000698893 0.999853492 -0.017099161 -2.878736734 -0.974653959 0.004506449 0.223672450 88.099136353
0.275476635 0.015084964 0.961189330 52.750297546 -0.003001724 0.999885499 -0.014831969 -2.895806313 -0.961303055 0.001200636 0.275490344 88.264999390
0.330451816 0.014734419 0.943707824 53.195949554 -0.004601694 0.999891460 -0.014000288 -2.912191629 -0.943811595 0.000283767 0.330483735 88.454391479
0.386630923 0.016499180 0.922086954 53.627807617 -0.002262401 0.999853909 -0.016942065 -2.914394140 -0.922231734 0.004464195 0.386611789 88.683471680
0.447256953 0.018944906 0.894204915 54.046993256 -0.001123968 0.999786794 -0.020619620 -2.937658072 -0.894404769 0.008217211 0.447182894 88.921043396
0.507812619 0.022159472 0.861182511 54.446018219 -0.000151356 0.999671400 -0.025633741 -2.955498457 -0.861467540 0.012886792 0.507649124 89.181724548
0.566891551 0.027727621 0.823325694 54.805007935 -0.003692816 0.999508858 -0.031118400 -2.949175596 -0.823784113 0.014600369 0.566715539 89.465209961
0.620582879 0.029477015 0.783586562 55.129920959 -0.006996995 0.999461591 -0.032056347 -2.972143888 -0.784109652 0.014410873 0.620454907 89.803657532
0.674352288 0.030083893 0.737796664 55.459327698 -0.008578659 0.999421537 -0.032910764 -2.991558075 -0.738359988 0.015864147 0.674220324 90.143325806
0.723209441 0.027717100 0.690072358 55.747028351 -0.008434842 0.999474347 -0.031304501 -3.010851860 -0.690577209 0.016819060 0.723063052 90.498336792
0.767543018 0.025311252 0.640497446 55.993713379 -0.011295435 0.999599040 -0.025966333 -3.021213293 -0.640897810 0.012695583 0.767521203 90.888008118
0.809914589 0.022479132 0.586116791 56.254283905 -0.012970485 0.999707341 -0.020418400 -3.014573336 -0.586404204 0.008934940 0.809969246 91.282066345
0.846815050 0.020857332 0.531478465 56.474811554 -0.015675284 0.999775469 -0.014259435 -3.018126965 -0.531656504 0.003744026 0.846951783 91.705383301
0.878116071 0.017580142 0.478124589 56.662628174 -0.016371796 0.999843538 -0.006695026 -3.024656057 -0.478167415 -0.001948747 0.878266513 92.136482239
0.904044390 0.018440759 0.427040577 56.828033447 -0.020048643 0.999798775 -0.000731046 -3.036347866 -0.426968068 -0.007900685 0.904232144 92.570014954
0.923606277 0.020771047 0.382779360 56.929065704 -0.023809742 0.999711454 0.003202308 -3.052637339 -0.382602364 -0.012071548 0.923834205 92.964797974
0.938896120 0.026053527 0.343212932 57.055061340 -0.030128274 0.999524534 0.006544569 -3.061718464 -0.342879236 -0.016485082 0.939234793 93.421577454
0.950868428 0.030272597 0.308111966 57.167358398 -0.033725809 0.999413788 0.005887335 -3.061592817 -0.307753056 -0.015989406 0.951331913 93.881393433
0.960090995 0.032834120 0.277753890 57.271202087 -0.035932571 0.999335706 0.006070939 -3.059038162 -0.277370006 -0.015809065 0.960633039 94.345039368
0.966203988 0.027465206 0.256311417 57.379905701 -0.030106815 0.999526262 0.006387271 -3.062616587 -0.256014556 -0.013888127 0.966573119 94.809242249
0.970255971 0.024520598 0.240836129 57.489170074 -0.027117580 0.999604344 0.007474390 -3.072431564 -0.240557551 -0.013782968 0.970536947 95.289749146
0.973153412 0.029106364 0.228309348 57.583549500 -0.031580329 0.999475300 0.007189417 -3.075176954 -0.227980271 -0.014206490 0.973562121 95.784996033
0.975181222 0.034314930 0.218732685 57.672447205 -0.036953900 0.999285102 0.007983970 -3.070954084 -0.218302310 -0.015868844 0.975752175 96.306304932
0.976432204 0.040769391 0.211938560 57.780807495 -0.043087702 0.999051213 0.006329720 -3.060567379 -0.211479440 -0.015312490 0.977262497 96.778930664
0.976769090 0.046705063 0.209142685 57.876491547 -0.048367903 0.998825550 0.002840495 -3.063137293 -0.208764359 -0.012890300 0.977881014 97.297904968
0.976885080 0.048380632 0.208218127 57.986171722 -0.049514394 0.998773396 0.000233374 -3.068665028 -0.207951427 -0.010537774 0.978082359 97.834991455
0.976309657 0.047423512 0.211116955 58.098136902 -0.047689192 0.998854816 -0.003835704 -3.072823763 -0.211057082 -0.006323161 0.977453291 98.370750427
0.975582719 0.046162982 0.214726180 58.228916168 -0.045111302 0.998933911 -0.009798322 -3.082878828 -0.214949563 -0.000127504 0.976625144 98.917083740
0.974872470 0.045091011 0.218152374 58.365802765 -0.042902313 0.998970211 -0.014761696 -3.078336716 -0.218593344 0.005031531 0.975803077 99.461402893
0.973563671 0.049862415 0.222907037 58.484729767 -0.047823910 0.998749971 -0.014537304 -3.085003614 -0.223353282 0.003492705 0.974731266 100.045776367
0.972119927 0.052891940 0.228440955 58.617935181 -0.051821508 0.998599231 -0.010686040 -3.094190121 -0.228686169 -0.001450043 0.973499119 100.633575439
0.971185327 0.049487904 0.233130842 58.767452240 -0.049392495 0.998759866 -0.006250847 -3.101376295 -0.233151078 -0.005444183 0.972425342 101.228317261
0.970414698 0.045559786 0.237106949 58.918315887 -0.046825610 0.998903096 -0.000293353 -3.115686417 -0.236860201 -0.010818002 0.971483529 101.855293274
0.969639480 0.043148279 0.240702704 59.075866699 -0.045558665 0.998951674 0.004455376 -3.122782707 -0.240258157 -0.015286202 0.970588624 102.467811584
0.969074905 0.038468964 0.243749931 59.236686707 -0.040935419 0.999148965 0.005059515 -3.126282930 -0.243347853 -0.014881055 0.969824970 103.104995728
0.969077110 0.034987330 0.244265050 59.398048401 -0.036510117 0.999331832 0.001707859 -3.128605366 -0.244042069 -0.010573192 0.969707012 103.747375488
0.969204903 0.034325719 0.243851438 59.563323975 -0.034127038 0.999404788 -0.005040749 -3.136935711 -0.243879303 -0.003436407 0.969799578 104.392257690
0.969404221 0.036891334 0.242681786 59.724735260 -0.035083573 0.999315083 -0.011768093 -3.143976212 -0.242949724 0.002893893 0.970034480 105.031669617
0.970031917 0.039617419 0.239725947 59.887294769 -0.036933396 0.999194682 -0.015680177 -3.148264885 -0.240154117 0.006356382 0.970713913 105.706756592
0.970618188 0.038407907 0.237539783 60.051723480 -0.036713853 0.999258995 -0.011553066 -3.152434587 -0.237807497 0.002492616 0.971309066 106.405288696
0.970998883 0.034339558 0.236604661 60.217227936 -0.034438293 0.999399900 -0.003716784 -3.168690920 -0.236590296 -0.004539268 0.971598804 107.111267090
0.971652806 0.034298886 0.233911231 60.389957428 -0.035852842 0.999354243 0.002393087 -3.183945894 -0.233678102 -0.010711631 0.972254992 107.828231812
0.971882224 0.037960008 0.232387602 60.550724030 -0.039393537 0.999222636 0.001529274 -3.189091206 -0.232148901 -0.010640845 0.972622037 108.559112549
0.972220480 0.043410555 0.230006158 60.711025238 -0.043894757 0.999031723 -0.003013533 -3.195869207 -0.229914248 -0.007166247 0.973184466 109.287208557
0.973066866 0.044643700 0.226158932 60.876430511 -0.043945983 0.999000907 -0.008121321 -3.203592300 -0.226295516 -0.002036187 0.974056542 110.010955811
0.974043667 0.043229230 0.222194001 61.046920776 -0.041786458 0.999063849 -0.011192569 -3.209716558 -0.222469836 0.001617349 0.974938154 110.767784119
0.975019276 0.041274972 0.218251586 61.217983246 -0.040165011 0.999147713 -0.009521725 -3.221221447 -0.218458563 0.000517786 0.975846052 111.537727356
0.975866020 0.037384439 0.215146348 61.387321472 -0.036659613 0.999300718 -0.007359757 -3.234476328 -0.215271041 -0.000705047 0.976554096 112.318367004
0.976292729 0.036151197 0.213413820 61.557498932 -0.036027215 0.999340832 -0.004471359 -3.246469736 -0.213434756 -0.003323352 0.976951718 113.111274719
0.976626515 0.033340361 0.212341979 61.727249146 -0.033631962 0.999431849 -0.002239528 -3.253861427 -0.212295994 -0.004954295 0.977192879 113.912368774
0.976899922 0.027958479 0.211860180 61.903121948 -0.028395340 0.999596298 -0.000980753 -3.263153553 -0.211802065 -0.005057744 0.977299452 114.696235657
0.976998329 0.028932555 0.211275294 62.071247101 -0.029720735 0.999558091 0.000555393 -3.270964146 -0.211165860 -0.006821875 0.977426469 115.498687744
0.976764321 0.034244537 0.211562440 62.239780426 -0.034693655 0.999396682 -0.001589864 -3.275198221 -0.211489215 -0.005786951 0.977363229 116.322898865
0.976466835 0.039488826 0.212022096 62.409229279 -0.039396767 0.999212801 -0.004660382 -3.288478136 -0.212039217 -0.003802277 0.977253675 117.138214111
0.975846231 0.048327975 0.213046134 62.573005676 -0.048121188 0.998822510 -0.006159179 -3.296652794 -0.213092923 -0.004241621 0.977022648 117.970726013
0.974898219 0.054085333 0.215982124 62.740005493 -0.054081943 0.998518825 -0.005930290 -3.302515030 -0.215982944 -0.005899304 0.976379275 118.795791626
0.974065483 0.056730531 0.219039053 62.914840698 -0.057272844 0.998350978 -0.003878233 -3.323179007 -0.218897879 -0.008767337 0.975708365 119.628601074
0.973513246 0.057298277 0.221334368 63.105232239 -0.057768911 0.998320520 -0.004351953 -3.343403578 -0.221211970 -0.008549562 0.975188255 120.466857910
0.973167360 0.055722523 0.223249808 63.291900635 -0.055458624 0.998433173 -0.007456635 -3.349764585 -0.223315537 -0.005124574 0.974732697 121.297630310
0.973130882 0.049620498 0.224842206 63.485542297 -0.049523536 0.998754501 -0.006074505 -3.363711596 -0.224863559 -0.005223693 0.974376261 122.144805908
0.973443389 0.043073289 0.224839389 63.691173553 -0.042463869 0.999069452 -0.007547795 -3.383400202 -0.224955276 -0.002200197 0.974366605 122.974510193
0.973275065 0.041883416 0.225790665 63.886814117 -0.041254766 0.999120474 -0.007504055 -3.400864124 -0.225906357 -0.002011431 0.974146903 123.803802490
0.972719371 0.044576436 0.227662161 64.079216003 -0.044637695 0.998991370 -0.004882352 -3.411586523 -0.227650151 -0.005413155 0.973727942 124.652427673
0.972303152 0.046407487 0.229069501 64.264472961 -0.047923695 0.998850465 0.001057418 -3.425287724 -0.228757113 -0.012005987 0.973409474 125.496368408
0.971876085 0.050420824 0.230031580 64.450988770 -0.052981511 0.998583198 0.004964866 -3.437546968 -0.229455322 -0.017012658 0.973170519 126.330276489
0.971635878 0.049466878 0.231250301 64.639076233 -0.050556831 0.998720467 -0.001214025 -3.454760313 -0.231014460 -0.010511695 0.972893536 127.142326355
0.971914053 0.045551598 0.230885580 64.836105347 -0.043099117 0.998948097 -0.015657298 -3.471150160 -0.231355935 0.005266584 0.972854912 127.953056335
