1.000000000 -0.000000000 0.000000000 0.000000000 -0.000000000 1.000000000 0.000000000 0.000000000 0.000000000 0.000000000 1.000000000 0.000000119
0.999997735 -0.001593371 -0.001409471 -0.002847220 0.001592004 0.999998271 -0.000970604 -0.007034009 0.001411015 0.000968358 0.999998510 0.564356685
0.999995530 -0.001805938 -0.002389108 -0.007769055 0.001799685 0.999994934 -0.002616885 -0.017800659 0.002393822 0.002612574 0.999993742 1.119495988
0.999987185 -0.002504181 -0.004400805 -0.011649652 0.002488725 0.999990702 -0.003514161 -0.035851792 0.004409564 0.003503164 0.999984145 1.679116249
0.999970257 -0.004233987 -0.006446792 -0.017054651 0.004198276 0.999975801 -0.005542797 -0.041448012 0.006470104 0.005515566 0.999963880 2.252939701
0.999950707 -0.006833693 -0.007207358 -0.035037849 0.006781853 0.999951184 -0.007192682 -0.063266963 0.007256157 0.007143449 0.999948144 2.791821241
0.999930441 -0.008037739 -0.008629145 -0.043136351 0.007970176 0.999937594 -0.007835735 -0.075695299 0.008691589 0.007766414 0.999932110 3.363538504
0.999916852 -0.008099714 -0.010037532 -0.054281555 0.008027478 0.999941766 -0.007216346 -0.087362170 0.010095399 0.007135170 0.999923646 3.947080374
0.999902785 -0.008570004 -0.010998173 -0.065589555 0.008486844 0.999935210 -0.007586076 -0.102644682 0.011062473 0.007492001 0.999910772 4.535635471
0.999892235 -0.007917507 -0.012359251 -0.072174586 0.007789914 0.999916255 -0.010337842 -0.118022017 0.012440067 0.010240451 0.999870121 5.133096218
0.999890447 -0.006217872 -0.013435598 -0.090198711 0.006027334 0.999881387 -0.014175827 -0.132437557 0.013522145 0.014093294 0.999809265 5.735841274
0.999876082 -0.005038378 -0.014917612 -0.101286449 0.004772726 0.999830365 -0.017790299 -0.145601302 0.015004716 0.017716896 0.999730527 6.349103451
0.999865711 -0.003087337 -0.016093310 -0.119262382 0.002800987 0.999837935 -0.017785469 -0.159813151 0.016145611 0.017738005 0.999712348 6.982629299
0.999849856 -0.000699411 -0.017314864 -0.134639785 0.000506757 0.999937952 -0.011128386 -0.167705700 0.017321574 0.011117944 0.999788105 7.621362686
0.999842584 0.000336976 -0.017737975 -0.153472573 -0.000346614 0.999999762 -0.000540292 -0.180563405 0.017737789 0.000546356 0.999842465 8.278970718
0.999823749 0.001087258 -0.018746056 -0.170210630 -0.000971981 0.999980569 0.006157456 -0.191884816 0.018752387 -0.006138149 0.999805331 8.965938568
0.999789655 0.003297250 -0.020242622 -0.185538024 -0.003193330 0.999981642 0.005163965 -0.208768547 0.020259282 -0.005098238 0.999781787 9.647059441
0.999770999 0.005308819 -0.020731211 -0.212042987 -0.005349817 0.999983966 -0.001922576 -0.216277137 0.020720670 0.002033043 0.999783278 10.341667175
0.999745131 0.004975772 -0.022017580 -0.229362175 -0.005152393 0.999954998 -0.007972363 -0.214983419 0.021976920 0.008083774 0.999725819 11.050392151
0.999727130 0.002776847 -0.023190243 -0.245943308 -0.002926593 0.999975145 -0.006425835 -0.218293771 0.023171823 0.006491950 0.999710441 11.783495903
0.999718368 0.001974650 -0.023646377 -0.265001386 -0.001904761 0.999993801 0.002977703 -0.230048239 0.023652110 -0.002931824 0.999715984 12.550199509
0.999714911 0.001801055 -0.023806170 -0.288856506 -0.001555970 0.999945700 0.010309498 -0.234712765 0.023823444 -0.010269518 0.999663413 13.326999664
0.999704301 0.000717653 -0.024303870 -0.313049763 -0.000407226 0.999918342 0.012775271 -0.235713869 0.024311054 -0.012761598 0.999623001 14.116527557
0.999699116 -0.001169107 -0.024497041 -0.332464546 0.001459681 0.999928772 0.011847063 -0.235990644 0.024481449 -0.011879258 0.999629676 14.920410156
0.999708176 -0.001776559 -0.024093350 -0.353069633 0.002004990 0.999953210 0.009460230 -0.237330168 0.024075419 -0.009505777 0.999664962 15.751481056
0.999725401 0.000892579 -0.023419557 -0.381315202 -0.000753523 0.999982059 0.005945717 -0.235243559 0.023424445 -0.005926436 0.999707997 16.588863373
0.999737620 -0.002469729 -0.022778403 -0.398343027 0.002478699 0.999996901 0.000365550 -0.241559952 0.022777429 -0.000421914 0.999740481 17.444513321
0.999747813 -0.005077551 -0.021880386 -0.417453855 0.004953687 0.999971390 -0.005711447 -0.252772868 0.021908764 0.005601617 0.999744296 18.313228607
0.999779165 -0.003783946 -0.020671949 -0.440249443 0.003549963 0.999929368 -0.011343826 -0.263665974 0.020713417 0.011267938 0.999722004 19.222375870
0.999790967 -0.002546974 -0.020287670 -0.467904985 0.002299170 0.999922574 -0.012228524 -0.278342992 0.020317245 0.012179325 0.999719501 20.127210617
0.999775529 -0.002220979 -0.021071410 -0.482946783 0.001970887 0.999927521 -0.011882165 -0.294036508 0.021096271 0.011837970 0.999707460 21.066020966
0.999778926 -0.001130696 -0.020995939 -0.510924518 0.000857738 0.999915063 -0.013004980 -0.322765887 0.021008858 0.012984096 0.999695063 22.003467560
0.999777019 0.002458127 -0.020974007 -0.529071748 -0.002776856 0.999880850 -0.015180795 -0.343735516 0.020934194 0.015235653 0.999664783 22.971900940
0.999758005 0.005594691 -0.021277282 -0.556231201 -0.005932414 0.999856889 -0.015842607 -0.368054420 0.021185603 0.015964996 0.999648154 23.936077118
0.999746740 0.007072611 -0.021364197 -0.583032668 -0.007410820 0.999847829 -0.015793176 -0.394545346 0.021249246 0.015947504 0.999647081 24.911619186
0.999741673 0.008225570 -0.021187207 -0.621413946 -0.008565169 0.999835491 -0.015987890 -0.419800192 0.021052210 0.016165232 0.999647677 25.892932892
0.999731541 0.008621035 -0.021502176 -0.636736453 -0.008960490 0.999835968 -0.015740985 -0.451708436 0.021362944 0.015929427 0.999644935 26.900518417
0.999717593 0.009595378 -0.021740543 -0.663299024 -0.009913457 0.999844790 -0.014570472 -0.480200768 0.021597357 0.014781880 0.999657512 27.901374817
0.999702215 0.010114948 -0.022205317 -0.687102318 -0.010397191 0.999866188 -0.012632184 -0.506659746 0.022074573 0.012859297 0.999673665 28.916501999
0.999697149 0.010278190 -0.022359693 -0.716287196 -0.010537063 0.999878526 -0.011490807 -0.536174178 0.022238873 0.011722931 0.999683976 29.939769745
0.999695837 0.011111579 -0.022015320 -0.755253792 -0.011389918 0.999856234 -0.012558062 -0.561628461 0.021872619 0.012804993 0.999678671 30.951496124
0.999668300 0.012290839 -0.022631068 -0.779093504 -0.012600867 0.999827981 -0.013607871 -0.587165356 0.022459924 0.013888528 0.999651194 31.986492157
0.999682724 0.011709691 -0.022296622 -0.818702579 -0.011998553 0.999845266 -0.012865948 -0.611676872 0.022142518 0.013129396 0.999668598 33.020927429
0.999663711 0.011624820 -0.023177814 -0.844045520 -0.011859201 0.999879658 -0.010000616 -0.639200985 0.023058776 0.010272125 0.999681413 34.068820953
0.999651074 0.012071261 -0.023493458 -0.876729727 -0.012226599 0.999904275 -0.006479582 -0.660550416 0.023412993 0.006764569 0.999703050 35.121925354
0.999636710 0.012262313 -0.024001384 -0.911774576 -0.012360908 0.999915779 -0.003963807 -0.683478415 0.023950759 0.004259045 0.999704182 36.180767059
0.999622464 0.011702936 -0.024858577 -0.929925442 -0.011791993 0.999924600 -0.003438849 -0.708106995 0.024816455 0.003730683 0.999685049 37.272094727
0.999605536 0.011225474 -0.025745401 -0.954940438 -0.011359762 0.999922633 -0.005075645 -0.724746943 0.025686432 0.005366105 0.999655664 38.346672058
0.999587297 0.011913706 -0.026141115 -0.995847046 -0.012062020 0.999912083 -0.005523181 -0.744760036 0.026073014 0.005836216 0.999643028 39.439605713
0.999579549 0.011691764 -0.026534075 -1.035497904 -0.011806808 0.999921560 -0.004183187 -0.768752873 0.026483089 0.004494711 0.999639153 40.506408691
0.999558032 0.011600035 -0.027368937 -1.070084214 -0.011672558 0.999928772 -0.002491520 -0.786925972 0.027338086 0.002809884 0.999622345 41.606761932
0.999541521 0.011785667 -0.027885692 -1.107498050 -0.011790759 0.999930501 -0.000018121 -0.806795418 0.027883541 0.000346905 0.999611199 42.690040588
0.999508202 0.013150760 -0.028465470 -1.139858007 -0.013150156 0.999913514 0.000208445 -0.832400382 0.028465750 0.000165982 0.999594748 43.771766663
0.999486208 0.014646400 -0.028508132 -1.187086582 -0.014757073 0.999884367 -0.003675619 -0.855304122 0.028451003 0.004094427 0.999586821 44.863109589
0.999460101 0.015850842 -0.028778393 -1.217967629 -0.016086206 0.999838948 -0.007965324 -0.873664439 0.028647501 0.008423961 0.999554098 45.950782776
0.999464095 0.016052667 -0.028527156 -1.259305000 -0.016290748 0.999834239 -0.008132833 -0.899383366 0.028391875 0.008593205 0.999559939 47.034179688
0.999455214 0.017156163 -0.028195737 -1.296321034 -0.017323993 0.999833703 -0.005718810 -0.920772672 0.028092932 0.006204158 0.999586105 48.114032745
0.999450743 0.017551059 -0.028109925 -1.332855344 -0.017654831 0.999838173 -0.003447656 -0.949709773 0.028044866 0.003942038 0.999598920 49.227710724
0.999470770 0.015737260 -0.028471159 -1.365561128 -0.015800485 0.999873102 -0.001997012 -0.975156486 0.028436119 0.002445813 0.999592602 50.321300507
0.999489248 0.015699597 -0.027838700 -1.403734326 -0.015777608 0.999872267 -0.002584781 -1.000901937 0.027794562 0.003022689 0.999609113 51.411098480
0.999505401 0.014879619 -0.027707191 -1.439295053 -0.015017428 0.999875784 -0.004772329 -1.016633868 0.027632743 0.005186060 0.999604702 52.503314972
0.999506831 0.015346614 -0.027393626 -1.470634937 -0.015540482 0.999855578 -0.006878355 -1.045374990 0.027284106 0.007300673 0.999601066 53.576614380
0.999526978 0.014417537 -0.027165093 -1.503718138 -0.014674027 0.999849379 -0.009266321 -1.073177934 0.027027404 0.009660558 0.999587953 54.672340393
0.999560118 0.012682471 -0.026811086 -1.539867878 -0.013020070 0.999837697 -0.012454929 -1.106540322 0.026648777 0.012798531 0.999562919 55.756004333
0.999575675 0.011533449 -0.026745334 -1.567571878 -0.011915006 0.999828815 -0.014151086 -1.141548157 0.026577549 0.014463753 0.999542058 56.833782196
0.999602318 0.009981041 -0.026374295 -1.601599693 -0.010297946 0.999876082 -0.011907289 -1.172318697 0.026252184 0.012174156 0.999581218 57.919410706
0.999611318 0.008814256 -0.026451457 -1.628532290 -0.008980550 0.999940515 -0.006174534 -1.197458148 0.026395466 0.006409681 0.999631047 59.016307831
0.999631166 0.006974035 -0.026243942 -1.656238198 -0.006981214 0.999975622 -0.000181934 -1.219470501 0.026242031 0.000365082 0.999655604 60.111347198
0.999638975 0.005420142 -0.026316119 -1.685489535 -0.005411875 0.999985278 0.000385389 -1.237457991 0.026317822 -0.000242831 0.999653637 61.202793121
0.999668896 0.002208211 -0.025636017 -1.719681740 -0.002279548 0.999993563 -0.002753770 -1.255516171 0.025629776 0.002811298 0.999667585 62.288806915
0.999668539 0.000712944 -0.025736857 -1.746717215 -0.000863800 0.999982476 -0.005850846 -1.278318167 0.025732240 0.005871137 0.999651670 63.383747101
0.999666154 0.002810483 -0.025687641 -1.785302877 -0.003062843 0.999947369 -0.009790127 -1.304968119 0.025658775 0.009865534 0.999622107 64.471740723
0.999667466 0.003148344 -0.025593678 -1.816203356 -0.003509803 0.999894619 -0.014090305 -1.331930637 0.025546620 0.014175449 0.999573171 65.554412842
0.999678016 0.005808406 -0.024703383 -1.853084326 -0.006172508 0.999873102 -0.014688354 -1.362455010 0.024614934 0.014836104 0.999586940 66.654205322
0.999662936 0.009964528 -0.023973716 -1.892479420 -0.010232339 0.999886274 -0.011074354 -1.396331787 0.023860643 0.011315928 0.999651313 67.748687744
0.999653041 0.011325468 -0.023780869 -1.926569700 -0.011526189 0.999898911 -0.008320366 -1.429868937 0.023684235 0.008591581 0.999682665 68.843719482
0.999664307 0.010462798 -0.023703499 -1.957837224 -0.010651644 0.999912441 -0.007854765 -1.453727722 0.023619246 0.008104609 0.999688268 69.939582825
0.999664724 0.009317533 -0.024161596 -1.982855082 -0.009500327 0.999926984 -0.007461637 -1.477463961 0.024090311 0.007688679 0.999680221 71.052009583
0.999672592 0.008308000 -0.024204282 -2.016191006 -0.008449825 0.999947786 -0.005763089 -1.508600712 0.024155138 0.005965724 0.999690413 72.141387939
0.999674439 0.006504134 -0.024676464 -2.045302391 -0.006602262 0.999970615 -0.003897158 -1.532061577 0.024650393 0.004058810 0.999687910 73.246551514
0.999663234 0.005727604 -0.025311369 -2.077353954 -0.005782325 0.999981105 -0.002089189 -1.561400056 0.025298921 0.002234844 0.999677479 74.341934204
0.999655008 0.005072687 -0.025770979 -2.110522747 -0.005151197 0.999982297 -0.002980938 -1.588950276 0.025755400 0.003112661 0.999663472 75.430595398
0.999641359 0.005157697 -0.026275918 -2.144062281 -0.005346681 0.999960423 -0.007127108 -1.611945748 0.026238117 0.007265042 0.999629319 76.512428284
0.999614239 0.005878262 -0.027144453 -2.173975468 -0.006132127 0.999938190 -0.009278631 -1.636688709 0.027088232 0.009441504 0.999588490 77.595764160
0.999587238 0.007995242 -0.027591567 -2.213764191 -0.008203561 0.999938548 -0.007445122 -1.666133285 0.027530350 0.007668398 0.999591589 78.673049927
0.999562740 0.009101752 -0.028129200 -2.250264883 -0.009204322 0.999951422 -0.003519035 -1.684902906 0.028095806 0.003776407 0.999598205 79.748626709
0.999535024 0.009958334 -0.028817551 -2.284614325 -0.009936596 0.999950171 0.000897462 -1.716792345 0.028825060 -0.000610696 0.999584317 80.829048157
0.999506533 0.011124824 -0.029374635 -2.325067759 -0.011085425 0.999937356 0.001503833 -1.735372424 0.029389527 -0.001177461 0.999567330 81.899078369
0.999496639 0.011072981 -0.029727606 -2.366135836 -0.011095886 0.999938309 -0.000605578 -1.753623366 0.029719062 0.000935127 0.999557912 82.968658447
0.999482036 0.010782661 -0.030321928 -2.403910875 -0.010831339 0.999940336 -0.001441549 -1.775837183 0.030304577 0.001769229 0.999539137 84.032264709
0.999475896 0.010168861 -0.030733543 -2.441217184 -0.010215511 0.999946952 -0.001361183 -1.800207496 0.030718071 0.001674429 0.999526680 85.087074280
0.999460816 0.008730633 -0.031653147 -2.475935459 -0.008767499 0.999961078 -0.001026030 -1.820309639 0.031642962 0.001302995 0.999498487 86.130317688
0.999444902 0.007762796 -0.032398067 -2.507344484 -0.007763330 0.999969840 0.000109301 -1.842201829 0.032397941 0.000142276 0.999475002 87.157829285
0.999437571 0.008092927 -0.032541785 -2.549115419 -0.008005696 0.999963939 0.002810005 -1.863293290 0.032563359 -0.002547906 0.999466479 88.160926819
0.999406159 0.006880723 -0.033762474 -2.587329149 -0.006747896 0.999969125 0.004046536 -1.887517095 0.033789277 -0.003816308 0.999421775 89.139610291
0.999339461 0.006041714 -0.035835814 -2.626742125 -0.005901395 0.999974549 0.004020085 -1.903050065 0.035859179 -0.003805948 0.999349594 90.103446960
0.999215901 0.005303552 -0.039237272 -2.666601658 -0.005180106 0.999981344 0.003247160 -1.923702002 0.039253753 -0.003041360 0.999224663 91.038551331
0.999084473 0.005053170 -0.042482924 -2.713167667 -0.004971549 0.999985695 0.002026696 -1.939492464 0.042492550 -0.001813634 0.999095142 91.958442688
0.998948872 0.004810909 -0.045585427 -2.758283377 -0.004692460 0.999985397 0.002705047 -1.960236311 0.045597766 -0.002488296 0.998956800 92.850807190
0.998786449 0.005896611 -0.048897896 -2.805121660 -0.005727597 0.999977171 0.003595878 -1.975734115 0.048917983 -0.003311447 0.998797297 93.719451904
0.998644590 0.006628212 -0.051623214 -2.860756874 -0.006383856 0.999967694 0.004896901 -1.994199038 0.051653996 -0.004560708 0.998654664 94.558647156
0.998472393 0.008037096 -0.054664809 -2.911735058 -0.007708775 0.999951065 0.006214289 -2.006102324 0.054712072 -0.005783398 0.998485506 95.374237061
0.998330414 0.009623774 -0.056954686 -2.969730854 -0.009237381 0.999932528 0.007043618 -2.020447969 0.057018626 -0.006505745 0.998351932 96.159301758
0.998149574 0.011424800 -0.059722099 -3.019610167 -0.010970743 0.999908447 0.007925187 -2.042661428 0.059807181 -0.007255327 0.998183548 96.929588318
0.997938097 0.013041639 -0.062844582 -3.067647457 -0.012650798 0.999898136 0.006613069 -2.054221630 0.062924430 -0.005804400 0.998001397 97.660057068
0.997786522 0.014431140 -0.064913131 -3.128191710 -0.014261886 0.999893546 0.003070032 -2.073513985 0.064950526 -0.002137452 0.997886181 98.352752686
0.997569621 0.017154308 -0.067531221 -3.183952808 -0.017228572 0.999851465 -0.000517468 -2.086582422 0.067512311 0.001679675 0.997717023 99.022850037
0.997400939 0.018795915 -0.069555134 -3.234402180 -0.019072214 0.999812663 -0.003310362 -2.104637146 0.069479883 0.004628328 0.997572660 99.663032532
0.997300088 0.020652538 -0.070471801 -3.285062313 -0.020996924 0.999770999 -0.004149533 -2.119620562 0.070369989 0.005618020 0.997505128 100.283767700
0.997314036 0.023104846 -0.069505341 -3.336124659 -0.023407724 0.999719799 -0.003546277 -2.135984898 0.069403931 0.005163713 0.997575283 100.865333557
0.997457623 0.027188763 -0.065871090 -3.392904520 -0.027392963 0.999622464 -0.002198677 -2.150308609 0.065786444 0.003997493 0.997825682 101.440116882
0.997698069 0.029392902 -0.061111115 -3.416025877 -0.029482599 0.999565125 -0.000566414 -2.168178797 0.061067894 0.002366826 0.998130739 101.984375000
0.998103797 0.030635180 -0.053387538 -3.448280334 -0.030601516 0.999530673 0.001447998 -2.180390358 0.053406838 0.000188488 0.998572767 102.500236511
0.998562694 0.030182216 -0.044289190 -3.454801321 -0.030034764 0.999540806 0.003991020 -2.197994232 0.044389319 -0.002655067 0.999010742 103.002037048
0.999042273 0.029594364 -0.032226864 -3.468977928 -0.029448707 0.999553800 0.004985272 -2.206017256 0.032360025 -0.004031459 0.999468207 103.477210999
0.999411583 0.028728440 -0.018736655 -3.470407963 -0.028637439 0.999576807 0.005107302 -2.216759205 0.018875450 -0.004567728 0.999811471 103.933959961
0.999580443 0.028734863 -0.003629629 -3.461772203 -0.028720224 0.999579430 0.004023035 -2.225800037 0.003743700 -0.003917104 0.999985397 104.374511719
0.999526381 0.027200077 0.014392207 -3.441305161 -0.027220439 0.999628723 0.001220789 -2.240508795 -0.014353668 -0.001611973 0.999895751 104.796401978
0.999007761 0.026823003 0.035551518 -3.412000895 -0.026715137 0.999637008 -0.003505728 -2.249546289 -0.035632651 0.002552486 0.999361753 105.215240479
0.997891009 0.024683641 0.060035892 -3.369542360 -0.024198767 0.999668598 -0.008790185 -2.256400108 -0.060232975 0.007318852 0.998157561 105.620223999
0.995945394 0.022748312 0.087036036 -3.303619385 -0.021815009 0.999694109 -0.011659475 -2.268061876 -0.087274641 0.009713510 0.996137023 106.028694153
0.993048370 0.019668205 0.116052181 -3.221428156 -0.018299194 0.999750018 -0.012850266 -2.280451059 -0.116275929 0.010637277 0.993160069 106.419609070
0.988703430 0.016891968 0.148929730 -3.148437738 -0.014925211 0.999786139 -0.014313759 -2.302720070 -0.149139673 0.011929256 0.988744140 106.762321472
0.982577384 0.014628096 0.185277224 -3.057220221 -0.011883439 0.999802709 -0.015915664 -2.315578938 -0.185473487 0.013436641 0.982557416 107.134368896
0.974696577 0.011281083 0.223246872 -2.933809042 -0.007727227 0.999829233 -0.016786134 -2.327405453 -0.223398104 0.014636309 0.974617422 107.499076843
0.964636564 0.009445294 0.263413876 -2.806418657 -0.004967220 0.999831736 -0.017660938 -2.342822790 -0.263536364 0.015727952 0.964521289 107.852500916
0.952232838 0.009765568 0.305216521 -2.679783583 -0.004431549 0.999825180 -0.018164119 -2.365600824 -0.305340558 0.015943889 0.952109754 108.172172546
0.936923146 0.011730968 0.349338442 -2.537633419 -0.005374535 0.999802053 -0.019159401 -2.375019073 -0.349494070 0.016073355 0.936800718 108.489364624
0.919326544 0.012191492 0.393306434 -2.358614683 -0.005550039 0.999822199 -0.018019088 -2.386369705 -0.393456250 0.014382560 0.919230819 108.805427551
0.898574710 0.010994648 0.438682556 -2.183445215 -0.004019450 0.999850273 -0.016825890 -2.398235321 -0.438801944 0.013356057 0.898484528 109.121070862
0.875517070 0.010093393 0.483081669 -1.988578081 -0.001981374 0.999848366 -0.017299626 -2.412441015 -0.483183056 0.014188952 0.875404418 109.392768860
0.850115001 0.010847524 0.526485264 -1.777628541 -0.000781038 0.999812663 -0.019338658 -2.433240652 -0.526596427 0.016028881 0.849964261 109.676795959
0.822131157 0.013075565 0.569147944 -1.557411313 0.000113522 0.999732435 -0.023131764 -2.446257591 -0.569298148 0.019081954 0.821909666 109.944953918
0.791038156 0.017624894 0.611512899 -1.321934104 -0.001227705 0.999628723 -0.027222957 -2.464194059 -0.611765563 0.020783639 0.790766001 110.210922241
0.757270455 0.023705486 0.652671099 -1.068310022 -0.004665754 0.999511957 -0.030889494 -2.479395390 -0.653084815 0.020346496 0.757011354 110.455741882
0.719525635 0.028917052 0.693863690 -0.792145669 -0.006122895 0.999358177 -0.035299309 -2.476785421 -0.694439054 0.021150302 0.719240606 110.713088989
0.680799425 0.029062154 0.731893122 -0.498270750 -0.004378084 0.999356329 -0.035610180 -2.499550581 -0.732456863 0.021039099 0.680488288 110.923629761
0.640027881 0.026513066 0.767894149 -0.184109300 -0.000298551 0.999413073 -0.034257878 -2.514062166 -0.768351674 0.021696739 0.639660001 111.120132446
0.596763253 0.024197157 0.802052379 0.135264739 0.002169800 0.999493062 -0.031768173 -2.521174192 -0.802414417 0.020698370 0.596408129 111.291801453
0.550475895 0.022633925 0.834544122 0.478829056 0.003625399 0.999558210 -0.029500680 -2.529086351 -0.834843159 0.019264970 0.550150633 111.475372314
0.502598703 0.020129936 0.864285409 0.832618594 0.005084069 0.999642789 -0.026239008 -2.544839382 -0.864504933 0.017581776 0.502316773 111.634391785
0.451738924 0.016267227 0.892001808 1.200381875 0.007983603 0.999720037 -0.022274816 -2.560035467 -0.892114460 0.017183790 0.451482505 111.780273438
0.399124801 0.016707880 0.916744411 1.548041821 0.004550722 0.999785542 -0.020202583 -2.580370188 -0.916885376 0.012235201 0.398963153 111.904319763
0.347713321 0.021558398 0.937353075 1.930210829 0.001043429 0.999726057 -0.023379993 -2.595970631 -0.937600374 0.009107597 0.347595572 112.016632080
0.297661960 0.026413137 0.954305947 2.312934637 0.000859153 0.999609351 -0.027935024 -2.611212492 -0.954670966 0.009135089 0.297523022 112.098388672
0.250781655 0.028514380 0.967623651 2.709157944 0.002373839 0.999544859 -0.030070288 -2.625009060 -0.968040824 0.009838059 0.250599802 112.172096252
0.210170940 0.028564634 0.977247357 3.134613037 0.009516514 0.999465942 -0.031260740 -2.638217926 -0.977618396 0.015870087 0.209786862 112.215209961
0.174684510 0.028276062 0.984218419 3.576931715 0.017315777 0.999344766 -0.031783935 -2.655525208 -0.984472215 0.022594668 0.174080387 112.264122009
0.143940568 0.029337734 0.989151478 3.997149944 0.022261921 0.999211490 -0.032875653 -2.670746803 -0.989335895 0.026752545 0.143173933 112.301368713
0.115842663 0.027456159 0.992887974 4.468519211 0.020504914 0.999338746 -0.030026900 -2.691793203 -0.993055880 0.023837483 0.115203075 112.340972900
0.090259641 0.023959141 0.995629966 4.959114552 0.014464354 0.999573708 -0.025365317 -2.705143213 -0.995813310 0.016690608 0.089874566 112.380867004
0.066559203 0.020006813 0.997581899 5.466067314 0.009779315 0.999737918 -0.020702532 -2.721207619 -0.997734606 0.011133611 0.066346094 112.407440186
0.043956935 0.017564083 0.998879015 5.987700462 0.013540012 0.999743164 -0.018175123 -2.741795778 -0.998941660 0.014323757 0.043707807 112.415382385
0.023726843 0.018104503 0.999554455 6.523865700 0.022360461 0.999576271 -0.018635673 -2.760619164 -0.999468327 0.022792665 0.023311945 112.399406433
0.006340226 0.020984067 0.999759793 7.075752258 0.025977490 0.999438941 -0.021142079 -2.779247999 -0.999642372 0.026105296 0.005791555 112.394836426
-0.007997679 0.026363781 0.999620438 7.646000862 0.026375011 0.999310195 -0.026144579 -2.790463686 -0.999620140 0.026155906 -0.008687506 112.383110046
-0.019048458 0.030981988 0.999338448 8.244077682 0.023768952 0.999251425 -0.030526226 -2.804626942 -0.999536037 0.023171751 -0.019770609 112.376541138
-0.025778413 0.030852783 0.999191463 8.874762535 0.025027785 0.999230266 -0.030208278 -2.826096773 -0.999354362 0.024228832 -0.026530748 112.360946655
-0.027645757 0.027661284 0.999234974 9.506785393 0.032853432 0.999102175 -0.026748652 -2.844300032 -0.999077737 0.032088812 -0.028529704 112.324043274
-0.027211329 0.025894297 0.999294221 10.164361954 0.034165140 0.999104559 -0.024959041 -2.867553473 -0.999045730 0.033461861 -0.028071638 112.302993774
-0.025466572 0.025334811 0.999354541 10.831229210 0.033198919 0.999148905 -0.024483588 -2.892974615 -0.999124229 0.032553978 -0.026285980 112.291595459
-0.024028286 0.025923530 0.999375045 11.536705017 0.030222049 0.999225676 -0.025193015 -2.913403749 -0.999254346 0.029597815 -0.024793141 112.289054871
-0.022367891 0.027213383 0.999379337 12.238009453 0.028480871 0.999241114 -0.026572164 -2.934382200 -0.999343991 0.027868833 -0.023125974 112.266380310
-0.021602185 0.028079554 0.999372303 12.965256691 0.028253628 0.999223530 -0.027464645 -2.956945896 -0.999367356 0.027642598 -0.022378759 112.256080627
-0.021033950 0.027760107 0.999393404 13.714370728 0.027758349 0.999245286 -0.027171772 -2.981210709 -0.999393344 0.027169976 -0.021788651 112.250381470
-0.020045310 0.026210783 0.999455392 14.468678474 0.026836397 0.999310195 -0.025668738 -3.011913061 -0.999438822 0.026307248 -0.020734888 112.229148865
-0.019567445 0.024950298 0.999497235 15.233465195 0.027591689 0.999321342 -0.024405736 -3.038554907 -0.999427736 0.027100259 -0.020242587 112.215721130
-0.020043388 0.022518707 0.999545515 16.015312195 0.028895296 0.999341726 -0.021934694 -3.066984415 -0.999381542 0.028442521 -0.020680880 112.198509216
-0.021179583 0.020820007 0.999558926 16.787790298 0.026007550 0.999456227 -0.020266796 -3.098308325 -0.999437332 0.025566839 -0.021709548 112.186943054
-0.022554385 0.020067891 0.999544144 17.586376190 0.025168866 0.999493062 -0.019498933 -3.118385792 -0.999428809 0.024717608 -0.023048038 112.176132202
-0.023665670 0.017360888 0.999569237 18.393981934 0.027510595 0.999481797 -0.016708037 -3.142299414 -0.999341369 0.027103337 -0.024131019 112.150901794
-0.024494328 0.015846627 0.999574244 19.206871033 0.029150698 0.999460578 -0.015130490 -3.167463064 -0.999274909 0.028767681 -0.024943050 112.126823425
-0.026423343 0.014902111 0.999539673 20.034957886 0.026394852 0.999550760 -0.014204512 -3.193594456 -0.999302387 0.026007371 -0.026804809 112.113349915
-0.027205162 0.019752080 0.999434650 20.853912354 0.023482557 0.999541581 -0.019114984 -3.214859009 -0.999354064 0.022949258 -0.027656514 112.095947266
-0.028157210 0.024277527 0.999308586 21.694879532 0.024776364 0.999414921 -0.023581989 -3.245497942 -0.999296486 0.024095234 -0.028742243 112.079566956
-0.029016811 0.025856042 0.999244452 22.530065536 0.025370758 0.999362409 -0.025122358 -3.278785944 -0.999256968 0.024622617 -0.029654298 112.049598694
-0.030867904 0.023705540 0.999242246 23.378320694 0.021810211 0.999496698 -0.023037829 -3.308421850 -0.999285579 0.021082558 -0.031369388 112.035140991
-0.031928714 0.019363377 0.999302566 24.228382111 0.018883005 0.999645531 -0.018766696 -3.340294600 -0.999311745 0.018270636 -0.032283038 112.020645142
-0.032331508 0.014405824 0.999373376 25.076257706 0.017326768 0.999753952 -0.013850763 -3.363044024 -0.999327064 0.016868094 -0.032573164 111.998657227
-0.032075312 0.008526078 0.999449015 25.936496735 0.013341696 0.999878228 -0.008101563 -3.393147230 -0.999396384 0.013074488 -0.032185171 111.974624634
-0.032075644 0.007352615 0.999458313 26.783599854 0.010962430 0.999915481 -0.007004158 -3.415753603 -0.999425352 0.010731832 -0.032153532 111.957427979
-0.031648651 0.014150999 0.999398768 27.618722916 0.013213383 0.999818325 -0.013738501 -3.447097063 -0.999411702 0.012770634 -0.031829886 111.941581726
-0.030417066 0.025145154 0.999220848 28.453613281 0.015951794 0.999568403 -0.024668314 -3.477207184 -0.999410033 0.015189029 -0.030805057 111.913764954
-0.029978814 0.030690683 0.999079168 29.287202835 0.017725121 0.999387801 -0.030168293 -3.496930122 -0.999393344 0.016804392 -0.030504458 111.892494202
-0.028314127 0.024975976 0.999287009 30.126636505 0.019168010 0.999517560 -0.024438623 -3.530214310 -0.999415278 0.018462380 -0.028779211 111.864883423
-0.026886495 0.017297259 0.999488771 30.963239670 0.022320498 0.999611318 -0.016698953 -3.562226772 -0.999389291 0.021860108 -0.027262133 111.833686829
-0.026616033 0.014084850 0.999546528 31.795375824 0.023411030 0.999635279 -0.013462712 -3.594680071 -0.999371648 0.023042090 -0.026936065 111.818611145
-0.027635332 0.014839239 0.999507964 32.621822357 0.022646977 0.999642432 -0.014215074 -3.619732857 -0.999361575 0.022242993 -0.027961517 111.809135437
-0.028213235 0.015815644 0.999476731 33.432598114 0.019106572 0.999700725 -0.015279843 -3.647626877 -0.999419332 0.018665483 -0.028506972 111.786087036
-0.029838575 0.015597474 0.999432981 34.243320465 0.016808935 0.999744713 -0.015100499 -3.676619530 -0.999413431 0.016348828 -0.030093137 111.763313293
-0.032459877 0.015772406 0.999348581 35.059875488 0.016809259 0.999742687 -0.015232645 -3.705763578 -0.999331772 0.016303860 -0.032716651 111.748420715
-0.034766741 0.016137933 0.999265194 35.874572754 0.015338261 0.999760509 -0.015612281 -3.730479479 -0.999277830 0.014784203 -0.035005942 111.728622437
-0.036447074 0.016363747 0.999201596 36.666404724 0.013857115 0.999778092 -0.015867734 -3.757918596 -0.999239504 0.013267719 -0.036665734 111.696502686
-0.038810741 0.015672173 0.999123752 37.467681885 0.012083732 0.999811292 -0.015213571 -3.782113314 -0.999173522 0.011482693 -0.038992789 111.674415588
-0.040806282 0.014356134 0.999063969 38.260486603 0.012454595 0.999826431 -0.013858391 -3.810796976 -0.999089420 0.011877430 -0.040978003 111.643981934
-0.042397257 0.013887948 0.999004304 39.041221619 0.012249152 0.999835432 -0.013379656 -3.844651699 -0.999025762 0.011669694 -0.042560395 111.609733582
-0.044400826 0.015407491 0.998894930 39.833625793 0.012536711 0.999810874 -0.014864363 -3.864136696 -0.998935163 0.011862866 -0.044585597 111.579986572
-0.045098230 0.015462784 0.998862922 40.609203339 0.012712657 0.999808133 -0.014903445 -3.891624212 -0.998901725 0.012026082 -0.045286156 111.543907166
-0.046503805 0.014488773 0.998813093 41.390022278 0.015036636 0.999791682 -0.013802878 -3.915485144 -0.998804986 0.014376899 -0.046711985 111.510726929
-0.047884371 0.013529901 0.998761237 42.170303345 0.015127837 0.999803364 -0.012818734 -3.943559647 -0.998738348 0.014495278 -0.048079632 111.479789734
-0.049254950 0.013137302 0.998699903 42.941268921 0.013585818 0.999829888 -0.012482128 -3.970910788 -0.998693824 0.012953348 -0.049425051 111.444480896
-0.050790988 0.012119253 0.998635709 43.678771973 0.011289219 0.999869525 -0.011560052 -3.993734360 -0.998645544 0.010686671 -0.050921168 111.417091370
-0.051740274 0.010934905 0.998600721 44.418956757 0.009918460 0.999896407 -0.010435192 -4.017605782 -0.998611391 0.009364661 -0.051843368 111.387947083
-0.052509330 0.010710498 0.998562992 45.131778717 0.010016914 0.999897897 -0.010198077 -4.041604042 -0.998570263 0.009467025 -0.052611254 111.352668762
-0.052620593 0.013315980 0.998525739 45.834831238 0.010833411 0.999859989 -0.012762870 -4.063431740 -0.998555958 0.010145849 -0.052757479 111.321006775
-0.052695729 0.016080936 0.998481154 46.545818329 0.010485737 0.999824107 -0.015549172 -4.086582184 -0.998555541 0.009650434 -0.052855082 111.284942627
-0.052709807 0.017586343 0.998455048 47.242107391 0.008629433 0.999815524 -0.017154751 -4.110573769 -0.998572588 0.007711875 -0.052851852 111.253082275
-0.053073425 0.018211991 0.998424530 47.940109253 0.008733575 0.999803841 -0.017772898 -4.137851715 -0.998552442 0.007776546 -0.053222075 111.221252441
-0.053007722 0.018127326 0.998429537 48.636325836 0.010501225 0.999790013 -0.017594503 -4.162007332 -0.998538911 0.009552088 -0.053186953 111.184478760
-0.053280201 0.017699139 0.998422742 49.324882507 0.010875475 0.999793887 -0.017143086 -4.185907841 -0.998520374 0.009944934 -0.053461704 111.149993896
-0.053993177 0.018034006 0.998378456 50.015296936 0.007159174 0.999818146 -0.017672837 -4.207984447 -0.998515546 0.006193352 -0.054112468 111.126373291
-0.054032832 0.017915256 0.998378456 50.699722290 0.004431703 0.999833405 -0.017701522 -4.237635136 -0.998529315 0.003468054 -0.054103233 111.102172852
-0.053283148 0.016506463 0.998443067 51.381214142 0.007114544 0.999844193 -0.016149955 -4.260943413 -0.998554170 0.006242946 -0.053392291 111.063262939
-0.054549199 0.016461145 0.998375356 52.055393219 0.007255766 0.999844193 -0.016088922 -4.276276112 -0.998484731 0.006366340 -0.054660145 111.028282166
-0.057958394 0.015872808 0.998192847 52.723415375 0.003963391 0.999869287 -0.015669342 -4.300587654 -0.998311162 0.003048059 -0.058013730 110.994232178
-0.063365303 0.015162775 0.997875273 53.396141052 -0.000252154 0.999884248 -0.015209314 -4.327661514 -0.997990370 -0.001215361 -0.063354142 110.962516785
-0.069216020 0.019376524 0.997413516 54.055953979 0.003948579 0.999808788 -0.019149043 -4.345815659 -0.997593880 0.002612945 -0.069279298 110.915855408
-0.075417049 0.022142796 0.996906221 54.732494354 0.006707116 0.999742031 -0.021698380 -4.369001865 -0.997129500 0.005049938 -0.075546108 110.851348877
-0.082748830 0.023705922 0.996288538 55.414154053 0.005305942 0.999713361 -0.023346717 -4.396472454 -0.996556342 0.003354335 -0.082850896 110.797546387
-0.088838436 0.022460604 0.995792687 56.057868958 0.000840375 0.999747038 -0.022474818 -4.426706791 -0.996045709 -0.001159789 -0.088834852 110.738990784
-0.094185293 0.021734897 0.995317280 56.746417999 0.001068724 0.999763310 -0.021730846 -4.446376324 -0.995554149 -0.000983007 -0.094186217 110.676589966
-0.098566651 0.021862509 0.994890213 57.437076569 -0.001509128 0.999754131 -0.022118907 -4.474728584 -0.995129287 -0.003681604 -0.098509446 110.609680176
-0.102900669 0.021018876 0.994469523 58.127887726 -0.003860690 0.999760687 -0.021530185 -4.499840736 -0.994684160 -0.006054809 -0.102794908 110.547676086
-0.105294086 0.017443601 0.994288087 58.830463409 -0.003854194 0.999831438 -0.017949006 -4.528020382 -0.994433582 -0.005722104 -0.105209120 110.473106384
-0.106607258 0.014693675 0.994192541 59.552951813 -0.001717808 0.999886632 -0.014962026 -4.549805641 -0.994299710 -0.003302894 -0.106569931 110.391593933
-0.108632065 0.012375377 0.994005084 60.251575470 -0.001307157 0.999919951 -0.012591872 -4.569730282 -0.994081199 -0.002667201 -0.108607195 110.321273804
-0.109641835 0.011993017 0.993898809 60.977336884 -0.002302825 0.999921441 -0.012319726 -4.588954926 -0.993968546 -0.003639533 -0.109605595 110.244651794
-0.110035449 0.015770655 0.993802488 61.707851410 -0.000688118 0.999872625 -0.015943171 -4.608740330 -0.993927479 -0.002438168 -0.110010587 110.168350220
-0.110028684 0.019541297 0.993736267 62.445178986 0.004744707 0.999805570 -0.019135306 -4.636095524 -0.993917108 0.002609556 -0.110100009 110.080177307
-0.110879824 0.024399858 0.993534207 63.188713074 0.012021350 0.999658346 -0.023208655 -4.664846420 -0.993761122 0.009370252 -0.111135252 109.990135193
-0.111902013 0.025728473 0.993386090 63.937824249 0.013448908 0.999612570 -0.024374755 -4.686549187 -0.993628263 0.010632376 -0.112204656 109.908119202
-0.112396173 0.023028728 0.993396521 64.688636780 0.011211989 0.999697208 -0.021906231 -4.716403961 -0.993600249 0.008675776 -0.112620331 109.833129883
-0.112609699 0.018372592 0.993469357 65.438827515 0.012022153 0.999781132 -0.017126603 -4.741035461 -0.993566632 0.010015021 -0.112805910 109.752777100
-0.112373695 0.016344870 0.993531525 66.186920166 0.013648730 0.999795794 -0.014904181 -4.768174171 -0.993572235 0.011885607 -0.112573832 109.663848877
-0.113172576 0.016147515 0.993444085 66.922439575 0.014508394 0.999788165 -0.014597844 -4.793607712 -0.993469357 0.012761205 -0.113382876 109.576629639
-0.114992805 0.016806770 0.993224144 67.669364929 0.013017611 0.999796510 -0.015410839 -4.819381237 -0.993281007 0.011157271 -0.115188181 109.499389648
-0.117327504 0.017585922 0.992937505 68.405509949 0.012070359 0.999794602 -0.016281109 -4.842493057 -0.993019879 0.010074892 -0.117515676 109.419601440
-0.119580619 0.017978676 0.992661715 69.142951965 0.013616187 0.999771655 -0.016467180 -4.867446423 -0.992731154 0.011547112 -0.119798116 109.330108643
-0.121426903 0.018269265 0.992432296 69.884544373 0.013869430 0.999764204 -0.016707275 -4.890202522 -0.992503464 0.011735756 -0.121651694 109.240768433
-0.123223938 0.017894559 0.992217481 70.636543274 0.014008863 0.999769151 -0.016290979 -4.915026665 -0.992279947 0.011892401 -0.123446189 109.145439148
-0.124963738 0.018205946 0.991994262 71.386047363 0.011846766 0.999787748 -0.016856618 -4.938418388 -0.992090583 0.009645458 -0.125152871 109.058044434
-0.126068845 0.019655803 0.991826713 72.137771606 0.011628994 0.999764264 -0.018334977 -4.964163303 -0.991953313 0.009222478 -0.126267701 108.966331482
-0.126996234 0.020056831 0.991700470 72.898818970 0.010737451 0.999764740 -0.018844906 -4.986738205 -0.991845071 0.008255102 -0.127181724 108.875213623
-0.128314421 0.020164708 0.991528511 73.664833069 0.010021413 0.999768615 -0.019035410 -5.013705730 -0.991682947 0.007494000 -0.128486782 108.780433655
-0.129362255 0.018749492 0.991420209 74.440742493 0.010834363 0.999788284 -0.017494066 -5.032402039 -0.991538167 0.008478334 -0.129538015 108.682777405
-0.130336612 0.016381525 0.991334438 75.225227356 0.008838137 0.999842942 -0.015360123 -5.055915833 -0.991430461 0.006759562 -0.130460933 108.586593628
-0.132369623 0.014442524 0.991095185 76.014717102 0.005203275 0.999890149 -0.013875742 -5.075854301 -0.991186798 0.003320212 -0.132430241 108.494598389
-0.134266242 0.013982923 0.990846574 76.798828125 0.006694674 0.999890387 -0.013203378 -5.095123291 -0.990922689 0.004860627 -0.134345159 108.382530212
-0.135849550 0.014725373 0.990620017 77.594055176 0.008018788 0.999873102 -0.013763256 -5.117112637 -0.990697086 0.006073840 -0.135950387 108.277137756
-0.138247967 0.016075907 0.990267158 78.388717651 0.007529604 0.999856412 -0.015180395 -5.137687683 -0.990369081 0.005357662 -0.138349175 108.168136597
-0.139732376 0.019035937 0.990006268 79.182640076 0.008610156 0.999800742 -0.018009001 -5.171370983 -0.990151882 0.006007667 -0.139868453 108.058891296
-0.140136525 0.023262469 0.989858866 79.997100830 0.010912985 0.999699473 -0.021948757 -5.193710327 -0.990072072 0.007726491 -0.140348285 107.946136475
-0.141435415 0.026923385 0.989581287 80.809722900 0.011424789 0.999608040 -0.025563290 -5.232522011 -0.989881575 0.007690204 -0.141687557 107.831008911
-0.141260922 0.028385961 0.989565372 81.636123657 0.013837907 0.999547780 -0.026696945 -5.259216309 -0.989875734 0.009922276 -0.141589835 107.715255737
-0.140597761 0.027608933 0.989681721 82.467811584 0.017177744 0.999528646 -0.025443295 -5.293012142 -0.989917755 0.013423229 -0.141005740 107.595588684
-0.140348881 0.025442475 0.989775121 83.294456482 0.017749365 0.999573767 -0.023177514 -5.327426910 -0.989942968 0.014314944 -0.140740663 107.473854065
-0.139135584 0.023977164 0.989982963 84.136398315 0.016653711 0.999622107 -0.021870049 -5.357894421 -0.990133286 0.013443990 -0.139482290 107.352371216
-0.138033137 0.021222305 0.990200162 84.986442566 0.016040605 0.999687195 -0.019189583 -5.389442444 -0.990297675 0.013234612 -0.138330340 107.254631042
-0.136773020 0.018082775 0.990437329 85.841163635 0.016469134 0.999736726 -0.015978273 -5.416048527 -0.990465581 0.014126249 -0.137034774 107.147026062
-0.134862199 0.014596997 0.990756750 86.691154480 0.016825838 0.999781072 -0.012439610 -5.444727421 -0.990721524 0.014992681 -0.135078251 107.030677795
-0.133033738 0.014508316 0.991005301 87.539558411 0.015187209 0.999805272 -0.012598401 -5.471805573 -0.990995169 0.013374590 -0.133228123 106.921081543
-0.131741390 0.018592725 0.991109669 88.397079468 0.015749367 0.999737144 -0.016661115 -5.500862598 -0.991159022 0.013414393 -0.131999552 106.813728333
-0.129827991 0.025093988 0.991218865 89.243034363 0.016896961 0.999590576 -0.023092795 -5.526530743 -0.991392612 0.013750497 -0.130198807 106.705604553
-0.128319710 0.028577195 0.991321027 90.092071533 0.014530630 0.999531806 -0.026932992 -5.554274082 -0.991626382 0.010948485 -0.128674865 106.601341248
-0.127108395 0.025787437 0.991553545 90.955429077 0.013116669 0.999618351 -0.024315735 -5.588726997 -0.991802096 0.009915146 -0.127398133 106.499458313
