1.000000000 0.000000000 0.000000000 0.000000000 0.000000000 1.000000000 0.000000000 0.000000000 0.000000000 0.000000000 1.000000000 0.000000000
0.999997735 -0.001606539 -0.001414723 -0.002656872 0.001605202 0.999998271 -0.000945337 -0.007347270 0.001416240 0.000943063 0.999998569 0.564686298
0.999995589 -0.001770306 -0.002388116 -0.007846111 0.001764131 0.999995112 -0.002585137 -0.018196221 0.002392681 0.002580913 0.999993801 1.119564533
0.999987304 -0.002546255 -0.004353543 -0.012109303 0.002530889 0.999990582 -0.003531466 -0.035563245 0.004362494 0.003520403 0.999984264 1.678819060
0.999970376 -0.004236004 -0.006426926 -0.017584777 0.004200377 0.999975801 -0.005546884 -0.041436955 0.006450267 0.005519724 0.999963939 2.252732038
0.999945402 -0.006787183 -0.007936436 -0.019293588 0.006727346 0.999948919 -0.007542196 -0.057379924 0.007987220 0.007488394 0.999940038 2.803363323
0.999923646 -0.007968891 -0.009445382 -0.025118172 0.007891768 0.999935448 -0.008174567 -0.070244081 0.009509915 0.008099400 0.999921978 3.373331070
0.999908745 -0.008033495 -0.010860778 -0.035756934 0.007951809 0.999939919 -0.007543551 -0.081922300 0.010920728 0.007456500 0.999912560 3.957008362
0.999895215 -0.008450984 -0.011748548 -0.049201798 0.008358682 0.999934018 -0.007883532 -0.098303810 0.011814395 0.007784503 0.999899924 4.545011997
0.999885142 -0.007813938 -0.012986203 -0.058568358 0.007674233 0.999912441 -0.010773265 -0.111770444 0.013069251 0.010672365 0.999857664 5.141303539
0.999882996 -0.006014897 -0.014065306 -0.076626703 0.005809326 0.999876320 -0.014610985 -0.126742750 0.014151451 0.014527565 0.999794364 5.743475437
0.999867320 -0.004870687 -0.015541716 -0.088948928 0.004588400 0.999824762 -0.018147347 -0.140540347 0.015627384 0.018073630 0.999714553 6.358347893
0.999854088 -0.003031818 -0.016811794 -0.106173784 0.002726098 0.999830961 -0.018178159 -0.154731423 0.016864067 0.018129677 0.999693513 6.993799210
0.999836683 -0.000682354 -0.018057141 -0.118883021 0.000478263 0.999935985 -0.011304392 -0.166542724 0.018063698 0.011293912 0.999773026 7.628255844
0.999828517 0.000474058 -0.018515857 -0.137148082 -0.000487376 0.999999583 -0.000714792 -0.180024475 0.018515512 0.000723694 0.999828339 8.284805298
0.999811471 0.001117385 -0.019382959 -0.157384127 -0.000999438 0.999980867 0.006093716 -0.193065688 0.019389400 -0.006073195 0.999793530 8.972228050
0.999777257 0.003558981 -0.020807318 -0.176183000 -0.003453770 0.999981105 0.005090232 -0.208816350 0.020825041 -0.005017234 0.999770522 9.665722847
0.999754488 0.005702941 -0.021407967 -0.197716638 -0.005750304 0.999981165 -0.002151454 -0.216409549 0.021395292 0.002274028 0.999768496 10.339052200
0.999733031 0.005275441 -0.022493729 -0.219340593 -0.005455350 0.999953568 -0.007944318 -0.220203400 0.022450775 0.008064908 0.999715388 11.050585747
0.999714792 0.002962208 -0.023696553 -0.235514730 -0.003122950 0.999972343 -0.006749189 -0.217135385 0.023675906 0.006821268 0.999696434 11.786083221
0.999708235 0.002113134 -0.024059488 -0.257096201 -0.002052320 0.999994695 0.002552050 -0.226270959 0.024064751 -0.002501928 0.999707222 12.547639847
0.999692559 0.001886248 -0.024721876 -0.274577051 -0.001640278 0.999948978 0.009965979 -0.234018311 0.024739416 -0.009922365 0.999644697 13.322892189
0.999689698 0.000894931 -0.024894800 -0.300962120 -0.000580048 0.999919772 0.012652891 -0.237563938 0.024904126 -0.012634523 0.999610066 14.107076645
0.999680102 -0.000747040 -0.025282314 -0.317970604 0.001034667 0.999934852 0.011365464 -0.236695066 0.025272179 -0.011387988 0.999615729 14.911551476
0.999696910 -0.001007624 -0.024596788 -0.348045200 0.001228558 0.999958992 0.008968781 -0.237973303 0.024586745 -0.008996280 0.999657273 15.746825218
0.999701619 0.001169370 -0.024403444 -0.367824227 -0.001035262 0.999984324 0.005507390 -0.235665545 0.024409505 -0.005480484 0.999687016 16.583438873
0.999723494 -0.001994966 -0.023430880 -0.388899058 0.001995695 0.999998033 0.000007755 -0.241687655 0.023430815 -0.000054513 0.999725521 17.435722351
0.999727368 -0.005034308 -0.022801246 -0.403009564 0.004890510 0.999967933 -0.006357939 -0.248336077 0.022832520 0.006244696 0.999719799 18.301399231
0.999753416 -0.004014991 -0.021841643 -0.426273912 0.003757112 0.999922931 -0.011835015 -0.260209769 0.021887477 0.011750034 0.999691367 19.209560394
0.999763370 -0.002101726 -0.021651013 -0.454160869 0.001830264 0.999919593 -0.012550268 -0.279932976 0.021675648 0.012507673 0.999686837 20.121578217
0.999755919 -0.002102890 -0.021990268 -0.475163579 0.001846136 0.999929965 -0.011689612 -0.303739429 0.022013307 0.011646163 0.999689877 21.052753448
0.999762952 -0.000659266 -0.021757988 -0.506191492 0.000369634 0.999911308 -0.013312869 -0.322576016 0.021764837 0.013301672 0.999674678 21.986066818
0.999756753 0.002306756 -0.021931868 -0.528244734 -0.002645064 0.999877810 -0.015408945 -0.348044038 0.021893645 0.015463210 0.999640763 22.945676804
0.999741018 0.005592526 -0.022057503 -0.562456310 -0.005953595 0.999848783 -0.016337859 -0.369059175 0.021962797 0.016464954 0.999623179 23.906457901
0.999726713 0.007206190 -0.022239191 -0.588535130 -0.007569254 0.999838710 -0.016284656 -0.394838661 0.022118254 0.016448539 0.999620020 24.883832932
0.999718010 0.007648578 -0.022481695 -0.614747226 -0.008015470 0.999835312 -0.016275015 -0.424560398 0.022353515 0.016450627 0.999614775 25.868839264
0.999719024 0.008042496 -0.022302397 -0.647459567 -0.008402521 0.999835134 -0.016096484 -0.454696566 0.022169266 0.016279357 0.999621689 26.871913910
0.999701142 0.008995574 -0.022730323 -0.677729249 -0.009336922 0.999844551 -0.014956087 -0.486183196 0.022592254 0.015163848 0.999629676 27.866018295
0.999690175 0.009690034 -0.022926545 -0.706100464 -0.009987997 0.999866605 -0.012917768 -0.513455272 0.022798317 0.013142758 0.999653637 28.885684967
0.999676287 0.010193462 -0.023308020 -0.734941781 -0.010463718 0.999879122 -0.011502619 -0.544853687 0.023187952 0.011742786 0.999662161 29.903045654
0.999676406 0.010402400 -0.023213999 -0.765806556 -0.010695182 0.999864340 -0.012523981 -0.569883108 0.023080572 0.012768205 0.999652088 30.923618317
0.999647379 0.011898118 -0.023740429 -0.788574338 -0.012222553 0.999833226 -0.013567926 -0.598040402 0.023575038 0.013853308 0.999626100 31.956178665
0.999647021 0.011511101 -0.023948079 -0.821503699 -0.011821839 0.999847174 -0.012874537 -0.622589290 0.023796219 0.013153100 0.999630332 32.992076874
0.999640286 0.011223722 -0.024359386 -0.855683804 -0.011481924 0.999879003 -0.010485757 -0.644975364 0.024238750 0.010761676 0.999648273 34.044780731
0.999629915 0.011427968 -0.024687648 -0.889556944 -0.011598654 0.999909699 -0.006781794 -0.669916093 0.024607915 0.007065628 0.999672174 35.091159821
0.999611437 0.011095526 -0.025568264 -0.913383007 -0.011206305 0.999928415 -0.004193432 -0.697401702 0.025519904 0.004478330 0.999664307 36.179477692
0.999601543 0.011314105 -0.025860922 -0.949236095 -0.011411154 0.999928415 -0.003608171 -0.716137052 0.025818247 0.003901836 0.999659121 37.250434875
0.999592245 0.010795422 -0.026432928 -0.981742978 -0.010930643 0.999927878 -0.004976528 -0.739933133 0.026377298 0.005263429 0.999638200 38.337352753
0.999568582 0.011340241 -0.027091311 -1.021973252 -0.011493620 0.999918818 -0.005512556 -0.758877456 0.027026597 0.005821555 0.999617755 39.423007965
0.999556184 0.010511436 -0.027873753 -1.053713202 -0.010641383 0.999933124 -0.004517752 -0.782229483 0.027824402 0.004812362 0.999601245 40.491535187
0.999523580 0.011126501 -0.028787989 -1.089929223 -0.011209908 0.999933422 -0.002737503 -0.797893345 0.028755613 0.003058909 0.999581754 41.579761505
0.999524891 0.010473076 -0.028987214 -1.134385467 -0.010475828 0.999945164 0.000056969 -0.825369060 0.028986219 0.000246723 0.999579847 42.668632507
0.999505520 0.011983485 -0.029071780 -1.181093097 -0.011991328 0.999928057 -0.000095434 -0.847185969 0.029068548 0.000443997 0.999577343 43.746475220
0.999462962 0.013487818 -0.029864084 -1.207897902 -0.013611409 0.999899566 -0.003939002 -0.870742917 0.029807953 0.004343378 0.999546230 44.823333740
0.999452770 0.014735252 -0.029613715 -1.251346827 -0.014983004 0.999854386 -0.008161680 -0.889583707 0.029489135 0.008600916 0.999528110 45.903175354
0.999444425 0.015086417 -0.029719969 -1.289069533 -0.015339242 0.999847889 -0.008297372 -0.917017937 0.029590271 0.008748644 0.999523878 46.986782074
0.999432325 0.015784521 -0.029763971 -1.325985909 -0.015958712 0.999856830 -0.005623912 -0.942712367 0.029670935 0.006095714 0.999541163 48.086509705
0.999428451 0.016034652 -0.029757962 -1.360339403 -0.016147254 0.999863327 -0.003547601 -0.967060924 0.029697008 0.004026083 0.999550819 49.188385010
0.999458969 0.014546163 -0.029500406 -1.399059653 -0.014620041 0.999890506 -0.002290120 -0.988652170 0.029463863 0.002720178 0.999562144 50.275089264
0.999462008 0.014644857 -0.029346529 -1.432800770 -0.014738558 0.999886930 -0.002979168 -1.014834166 0.029299581 0.003410091 0.999564826 51.362003326
0.999480486 0.013575166 -0.029231386 -1.468492627 -0.013727793 0.999893129 -0.005027044 -1.033920765 0.029160019 0.005425713 0.999560058 52.456546783
0.999488711 0.013485415 -0.028989553 -1.498889804 -0.013693660 0.999881685 -0.006996993 -1.058002710 0.028891768 0.007390388 0.999555230 53.545463562
0.999509335 0.012875380 -0.028556282 -1.538991690 -0.013155507 0.999866962 -0.009643598 -1.088409543 0.028428316 0.010014539 0.999545693 54.646415710
0.999535978 0.010935343 -0.028429095 -1.572017789 -0.011298715 0.999856114 -0.012652656 -1.122286677 0.028286641 0.012967998 0.999515653 55.718524933
0.999553025 0.009248909 -0.028429519 -1.602121472 -0.009663993 0.999848187 -0.014497953 -1.153313279 0.028291114 0.014766214 0.999490619 56.805797577
0.999585032 0.007511048 -0.027807675 -1.635543227 -0.007841655 0.999899566 -0.011799159 -1.187487125 0.027716262 0.012012321 0.999543607 57.889595032
0.999596119 0.006474038 -0.027674768 -1.669246435 -0.006655144 0.999957025 -0.006456949 -1.209621549 0.027631780 0.006638519 0.999596119 58.986225128
0.999610424 0.005061161 -0.027448826 -1.702060342 -0.005076146 0.999987006 -0.000476246 -1.231539965 0.027446060 0.000615394 0.999623060 60.081748962
0.999622822 0.003544000 -0.027232563 -1.728923082 -0.003545356 0.999993742 -0.000001522 -1.250274420 0.027232386 0.000098071 0.999629080 61.173156738
0.999619901 0.000371218 -0.027567947 -1.752187371 -0.000457768 0.999995053 -0.003133241 -1.265567303 0.027566649 0.003144670 0.999615014 62.268852234
0.999630213 -0.001295979 -0.027158577 -1.791117907 0.001125845 0.999979734 -0.006278821 -1.287696123 0.027166164 0.006245923 0.999611437 63.359260559
0.999632180 0.001367916 -0.027086444 -1.826729774 -0.001635875 0.999949932 -0.009873080 -1.325415611 0.027071582 0.009913758 0.999584317 64.437850952
0.999629557 0.001444150 -0.027181493 -1.857274890 -0.001832435 0.999896526 -0.014265450 -1.350397348 0.027158082 0.014309972 0.999528706 65.531143188
0.999640286 0.004740877 -0.026400018 -1.896724105 -0.005135191 0.999876082 -0.014888410 -1.380729437 0.026326159 0.015018621 0.999540627 66.619346619
0.999639153 0.008486270 -0.025485069 -1.941135883 -0.008779969 0.999895990 -0.011434680 -1.411621332 0.025385382 0.011654309 0.999609828 67.733406067
0.999633908 0.009761661 -0.025232876 -1.977961540 -0.009998221 0.999907076 -0.009265928 -1.439625263 0.025140081 0.009514818 0.999638677 68.827301025
0.999643564 0.009000295 -0.025129324 -2.012026787 -0.009215415 0.999921799 -0.008457918 -1.467003107 0.025051231 0.008686480 0.999648452 69.926948547
0.999643385 0.007884829 -0.025512796 -2.033831835 -0.008086006 0.999936879 -0.007791762 -1.491965055 0.025449749 0.007995280 0.999644041 71.027694702
0.999648154 0.006708138 -0.025663909 -2.066819429 -0.006861509 0.999959052 -0.005892708 -1.525375485 0.025623333 0.006066728 0.999653220 72.116569519
0.999651194 0.005021411 -0.025927758 -2.100799799 -0.005134052 0.999977589 -0.004279665 -1.547871351 0.025905685 0.004411287 0.999654591 73.221763611
0.999630392 0.004087923 -0.026878132 -2.126285791 -0.004167978 0.999987006 -0.002923078 -1.568571687 0.026865831 0.003034025 0.999634385 74.316268921
0.999621987 0.003720285 -0.027240841 -2.163492441 -0.003825022 0.999985516 -0.003793754 -1.602815509 0.027226331 0.003896517 0.999621689 75.403633118
0.999610424 0.003604187 -0.027675159 -2.197674274 -0.003809881 0.999965489 -0.007383308 -1.629579425 0.027647592 0.007485870 0.999589682 76.476402283
0.999576449 0.004188688 -0.028797550 -2.228050232 -0.004464484 0.999944746 -0.009519427 -1.653960228 0.028756084 0.009643962 0.999539971 77.560127258
0.999555588 0.006529709 -0.029085385 -2.269426584 -0.006759342 0.999946713 -0.007803829 -1.681860447 0.029032879 0.007996960 0.999546468 78.633682251
0.999534249 0.007605535 -0.029552639 -2.308981180 -0.007714251 0.999963820 -0.003566406 -1.704069495 0.029524446 0.003792722 0.999556899 79.710281372
0.999508142 0.008327224 -0.030233990 -2.344402790 -0.008315496 0.999965310 0.000513605 -1.731872559 0.030237217 -0.000261942 0.999542654 80.787170410
0.999478877 0.009573349 -0.030829333 -2.385802984 -0.009541103 0.999953806 0.001192918 -1.750959873 0.030839326 -0.000898151 0.999523938 81.859809875
0.999469578 0.009536004 -0.031137241 -2.428674459 -0.009567912 0.999953866 -0.000875933 -1.770133972 0.031127453 0.001173386 0.999514818 82.927116394
0.999455929 0.009436846 -0.031604048 -2.468641043 -0.009498177 0.999953210 -0.001791083 -1.792371750 0.031585667 0.002090290 0.999498785 83.991691589
0.999445140 0.008715570 -0.032149713 -2.504865646 -0.008773007 0.999960124 -0.001646000 -1.818109632 0.032134090 0.001927137 0.999481678 85.046165466
0.999427021 0.007612829 -0.032979749 -2.543511391 -0.007668563 0.999969423 -0.001563775 -1.834596157 0.032966834 0.001815787 0.999454796 86.086494446
0.999413967 0.006621548 -0.033584621 -2.575073957 -0.006637459 0.999977887 -0.000362315 -1.857684255 0.033581477 0.000585019 0.999435723 87.109397888
0.999405801 0.007010899 -0.033748873 -2.618235111 -0.006937242 0.999973297 0.002299117 -1.878980041 0.033764090 -0.002063627 0.999427676 88.111053467
0.999373019 0.005735326 -0.034940206 -2.657991648 -0.005621296 0.999978602 0.003360917 -1.901257277 0.034958735 -0.003162400 0.999383688 89.091072083
0.999300063 0.004611289 -0.037122674 -2.695626974 -0.004478083 0.999983191 0.003670615 -1.922934175 0.037138980 -0.003501808 0.999303997 90.060058594
0.999170542 0.003688808 -0.040554609 -2.736050129 -0.003578165 0.999989629 0.002800501 -1.941942096 0.040564526 -0.002653067 0.999173462 90.995315552
0.999042928 0.003366403 -0.043610744 -2.786172867 -0.003293389 0.999993145 0.001745949 -1.959933162 0.043616325 -0.001600651 0.999047101 91.915672302
0.998893797 0.003247213 -0.046911538 -2.830303431 -0.003141603 0.999992371 0.002324832 -1.979020476 0.046918727 -0.002174883 0.998896360 92.807022095
0.998731911 0.004468695 -0.050145920 -2.878524780 -0.004310439 0.999985397 0.003263619 -1.995647788 0.050159771 -0.003043329 0.998736560 93.674232483
0.998578966 0.005473339 -0.053009775 -2.935155869 -0.005248247 0.999976575 0.004384489 -2.012672663 0.053032540 -0.004100050 0.998584390 94.518905640
0.998397946 0.006707804 -0.056182593 -2.984539986 -0.006380308 0.999961615 0.006006473 -2.027879477 0.056220725 -0.005638389 0.998402536 95.337455750
0.998259425 0.008481108 -0.058361433 -3.046160936 -0.008106813 0.999945045 0.006647158 -2.042097330 0.058414601 -0.006162463 0.998273432 96.121307373
0.998075485 0.010160461 -0.061172646 -3.093978167 -0.009726522 0.999925375 0.007387289 -2.062346935 0.061243143 -0.006778075 0.998099864 96.895812988
0.997865260 0.011660539 -0.064256333 -3.144118071 -0.011296210 0.999918103 0.006030304 -2.073590040 0.064321376 -0.005291579 0.997915208 97.627044678
0.997704566 0.013314647 -0.066395648 -3.205667973 -0.013177418 0.999910116 0.002504349 -2.094072104 0.066423029 -0.001623678 0.997790217 98.320755005
0.997484148 0.016071958 -0.069044203 -3.262189865 -0.016192799 0.999868214 -0.001190864 -2.105782747 0.069015965 0.002305888 0.997612894 98.989929199
0.997291028 0.017532811 -0.071436748 -3.305824280 -0.017850846 0.999833405 -0.003815942 -2.124606848 0.071357928 0.005080811 0.997437835 99.647239685
0.997175574 0.019547919 -0.072518170 -3.353414297 -0.019939048 0.999790311 -0.004673461 -2.140583277 0.072411612 0.006106203 0.997356117 100.262062073
0.997195184 0.021980951 -0.071544074 -3.405669689 -0.022355929 0.999740303 -0.004444598 -2.153798103 0.071427785 0.006031565 0.997427583 100.846092224
0.997378409 0.025760081 -0.067623310 -3.472787380 -0.026019881 0.999657094 -0.002963762 -2.167828798 0.067523777 0.004715542 0.997706532 101.416183472
0.997617722 0.028275486 -0.062925249 -3.492014408 -0.028417096 0.999595344 -0.001356462 -2.186923981 0.062861428 0.003141383 0.998017311 101.963485718
0.998028278 0.029029209 -0.055650160 -3.519415140 -0.029034073 0.999578238 0.000721253 -2.201264620 0.055647623 0.000895920 0.998450041 102.475540161
0.998533130 0.029037494 -0.045699731 -3.544385672 -0.028917320 0.999576390 0.003288677 -2.215254545 0.045775861 -0.001962339 0.998949826 102.975654602
0.999006212 0.028649913 -0.034143303 -3.550152540 -0.028519116 0.999583960 0.004311682 -2.226335287 0.034252640 -0.003333661 0.999407589 103.461845398
0.999403417 0.027807945 -0.020483015 -3.554251194 -0.027723262 0.999605954 0.004406685 -2.236099720 0.020597493 -0.003836199 0.999780476 103.920616150
0.999601483 0.027729597 -0.005292985 -3.547684431 -0.027712176 0.999610424 0.003336913 -2.245407104 0.005383456 -0.003188903 0.999980509 104.359771729
0.999578834 0.026274327 0.012322760 -3.522606373 -0.026281692 0.999654412 0.000436296 -2.259321451 -0.012307042 -0.000759976 0.999924064 104.782485962
0.999091744 0.025958797 0.033790994 -3.498670816 -0.025834521 0.999657750 -0.004109309 -2.271127939 -0.033886097 0.003232603 0.999420524 105.199653625
0.998034775 0.023710679 0.058002882 -3.453219891 -0.023209671 0.999687433 -0.009296183 -2.278973103 -0.058205172 0.007931686 0.998273134 105.607589722
0.996140957 0.021533141 0.085085459 -3.392521620 -0.020609880 0.999718904 -0.011714655 -2.295068264 -0.085313797 0.009915846 0.996304750 106.008598328
0.993257582 0.018872565 0.114382029 -3.321223021 -0.017486550 0.999761224 -0.013108777 -2.304284573 -0.114602089 0.011020246 0.993350387 106.389274597
0.988954544 0.016545778 0.147292435 -3.243213415 -0.014512837 0.999784172 -0.014866157 -2.320458412 -0.147506595 0.012564321 0.988981247 106.737060547
0.982854068 0.014266830 0.183832079 -3.154866219 -0.011441057 0.999799728 -0.016423039 -2.333868504 -0.184029549 0.014038217 0.982820451 107.109809875
0.975057900 0.010963722 0.221679509 -3.031072378 -0.007303297 0.999823272 -0.017325222 -2.345120192 -0.221830249 0.015274105 0.974965632 107.474052429
0.964993656 0.009138342 0.262113988 -2.911024570 -0.004539186 0.999825060 -0.018146528 -2.360903025 -0.262233943 0.016321499 0.964866281 107.821388245
0.952714801 0.009728624 0.303710073 -2.779116869 -0.004182208 0.999812484 -0.018907337 -2.380587578 -0.303837061 0.016743122 0.952576876 108.143806458
0.937520444 0.011533571 0.347739011 -2.634212971 -0.005031256 0.999795318 -0.019596031 -2.394258022 -0.347893804 0.016622117 0.937386453 108.465690613
0.919956625 0.012179932 0.391831011 -2.457608938 -0.005229329 0.999809563 -0.018801110 -2.401149035 -0.391985357 0.015247191 0.919845104 108.780242920
0.899471700 0.010409695 0.436854959 -2.281972885 -0.003123641 0.999843836 -0.017393513 -2.415766478 -0.436967760 0.014280396 0.899363697 109.090942383
0.876234353 0.009543281 0.481790721 -2.089541674 -0.001127794 0.999841690 -0.017753685 -2.430682898 -0.481883854 0.015013028 0.876106441 109.370285034
0.851185620 0.010690955 0.524756014 -1.864980578 0.000032192 0.999791443 -0.020421162 -2.442792654 -0.524864852 0.017399093 0.851007640 109.663414001
0.823467970 0.012678858 0.567221105 -1.653022885 0.000885705 0.999720335 -0.023632159 -2.464230061 -0.567362070 0.019962719 0.823226452 109.917152405
0.792302907 0.017339977 0.609881461 -1.420708299 -0.000620028 0.999618471 -0.027615383 -2.484036684 -0.610127509 0.021501608 0.792011440 110.183624268
0.758369446 0.023479225 0.651402056 -1.167163730 -0.003988802 0.999499500 -0.031382293 -2.497354984 -0.651812851 0.021201057 0.758083522 110.436592102
0.720758975 0.028459122 0.692601442 -0.896455050 -0.005486725 0.999359846 -0.035354096 -2.497583628 -0.693164110 0.021681670 0.720453680 110.684806824
0.681881547 0.028394397 0.730911314 -0.601159036 -0.003420508 0.999359131 -0.035631984 -2.518682003 -0.731454611 0.021796707 0.681541741 110.902160645
0.641084790 0.025919305 0.767032206 -0.287180454 0.000662928 0.999410450 -0.034325831 -2.533957005 -0.767469704 0.022514256 0.640689731 111.104309082
0.596880198 0.024177710 0.801966071 0.036564969 0.002371818 0.999488175 -0.031897895 -2.541194916 -0.802326918 0.020941339 0.596517384 111.303825378
0.550227523 0.023143705 0.834693968 0.358917743 0.002172903 0.999572635 -0.029147698 -2.559406996 -0.835011899 0.017851574 0.549942255 111.471580505
0.502204597 0.020664595 0.864501894 0.717719078 0.004105743 0.999646246 -0.026280113 -2.570218801 -0.864739001 0.016747417 0.501942098 111.635932922
0.451183528 0.016999669 0.892269313 1.084818125 0.007431366 0.999712288 -0.022804428 -2.578797579 -0.892400205 0.016919762 0.450927436 111.780792236
0.398898482 0.017184883 0.916834116 1.449235678 0.004106876 0.999780893 -0.020526445 -2.602137327 -0.916985869 0.011953291 0.398740470 111.914222717
0.347300977 0.022273138 0.937489212 1.840414524 0.000655712 0.999711931 -0.023994356 -2.613684177 -0.937753439 0.008947986 0.347186327 112.033882141
0.296795964 0.027365496 0.954548657 2.234003544 -0.000381779 0.999592602 -0.028538130 -2.631903172 -0.954940856 0.008105578 0.296685576 112.129692078
0.250069469 0.029539835 0.967777193 2.642057896 0.001393121 0.999522507 -0.030868785 -2.644053698 -0.968226850 0.009067572 0.249908909 112.201477051
0.209238872 0.029224990 0.977427661 3.065669775 0.008531980 0.999460638 -0.031710215 -2.663480997 -0.977827311 0.014974405 0.208876655 112.245864868
0.173905760 0.029016433 0.984334707 3.496411085 0.016943997 0.999329627 -0.032452006 -2.675410271 -0.984616518 0.022322156 0.173297569 112.286468506
0.143377692 0.030229952 0.989206195 3.948872805 0.021261821 0.999208570 -0.033617359 -2.691917181 -0.989439607 0.025852310 0.142621472 112.323928833
0.114746653 0.028503370 0.992985785 4.414770603 0.019337000 0.999334812 -0.030920142 -2.713720083 -0.993206620 0.022749349 0.114119150 112.372749329
0.089759246 0.024901945 0.995652080 4.933889389 0.013356759 0.999567330 -0.026203992 -2.730914831 -0.995873928 0.015650736 0.089387782 112.411941528
0.066030718 0.021243026 0.997591436 5.416903973 0.007876851 0.999731123 -0.021809956 -2.744153738 -0.997786522 0.009298006 0.065845624 112.441619873
0.043482859 0.018718198 0.998878777 5.941547394 0.012233263 0.999739468 -0.019266864 -2.763965130 -0.998979270 0.013057326 0.043242551 112.446258545
0.023301519 0.019511865 0.999538064 6.478431225 0.020143604 0.999597371 -0.019982617 -2.781296730 -0.999525607 0.020599922 0.022899093 112.430656433
0.006052369 0.021835368 0.999743283 7.033135891 0.025274860 0.999438763 -0.021981733 -2.801663160 -0.999662220 0.025401412 0.005497092 112.413108826
-0.008764826 0.027234547 0.999590635 7.631568909 0.025706664 0.999304831 -0.027001353 -2.812505245 -0.999631166 0.025459480 -0.009458848 112.417388916
-0.019619694 0.032221474 0.999288201 8.254125595 0.022939509 0.999231994 -0.031769276 -2.825127602 -0.999544322 0.022299876 -0.020343767 112.413055420
-0.025795817 0.032029048 0.999153972 8.864459991 0.024028040 0.999217689 -0.031410743 -2.847970009 -0.999378443 0.023197446 -0.026545234 112.378944397
-0.028413011 0.029043339 0.999174237 9.512720108 0.030565502 0.999135613 -0.028173039 -2.866068602 -0.999128878 0.029739780 -0.029276177 112.354606628
-0.027849715 0.027215786 0.999241531 10.163687706 0.032431401 0.999127626 -0.026308794 -2.891120434 -0.999085903 0.031674117 -0.028708071 112.328063965
-0.026109820 0.026835190 0.999298751 10.852263451 0.030422060 0.999198020 -0.026037605 -2.916192055 -0.999196112 0.029720893 -0.026905259 112.321044922
-0.024348129 0.027035588 0.999337912 11.540848732 0.027221324 0.999281466 -0.026370838 -2.944501877 -0.999332845 0.026561217 -0.025066582 112.309249878
-0.023279507 0.028311612 0.999328017 12.256206512 0.026561743 0.999263525 -0.027691031 -2.962018013 -0.999376059 0.025899259 -0.024014371 112.299507141
-0.022502026 0.029034697 0.999325097 12.981643677 0.025815062 0.999261796 -0.028451573 -2.991107464 -0.999413431 0.025157424 -0.023234947 112.289901733
-0.021568706 0.028538955 0.999359965 13.736426353 0.025203027 0.999290228 -0.027993025 -3.019568443 -0.999449670 0.024583122 -0.022272669 112.279388428
-0.020978719 0.027505744 0.999401510 14.492730141 0.023743842 0.999353230 -0.027006000 -3.044801712 -0.999497950 0.023163080 -0.021618243 112.265319824
-0.020547649 0.026429746 0.999439538 15.259316444 0.024838163 0.999355495 -0.025916874 -3.070489168 -0.999480247 0.024291713 -0.021190872 112.251770020
-0.020955786 0.023938995 0.999493778 16.044456482 0.025468754 0.999401629 -0.023402801 -3.103773832 -0.999455869 0.024965437 -0.021552945 112.235237122
-0.022151407 0.022123879 0.999509871 16.835189819 0.022713544 0.999508142 -0.021620462 -3.132585049 -0.999496579 0.022223482 -0.022643026 112.225463867
-0.023470506 0.021248784 0.999498665 17.629053116 0.022278422 0.999536932 -0.020726450 -3.157539845 -0.999476194 0.021780793 -0.023933025 112.210144043
-0.024829607 0.018839765 0.999514222 18.429103851 0.024311746 0.999538004 -0.018236274 -3.177710056 -0.999396026 0.023847137 -0.025276165 112.192214966
-0.026083229 0.017162791 0.999512494 19.242546082 0.025868326 0.999529302 -0.016488027 -3.204670668 -0.999325037 0.025425652 -0.026514927 112.171401978
-0.027452707 0.016153457 0.999492586 20.073997498 0.023233833 0.999609768 -0.015517188 -3.239020348 -0.999352992 0.022796055 -0.027817296 112.146278381
-0.028100189 0.021088416 0.999382615 20.899274826 0.020106053 0.999587119 -0.020527393 -3.259773493 -0.999402821 0.019516820 -0.028512591 112.126770020
-0.029062234 0.025464896 0.999253154 21.738969803 0.021902980 0.999451637 -0.024832927 -3.291990280 -0.999337614 0.021164926 -0.029604051 112.108680725
-0.030238025 0.027503477 0.999164224 22.586101532 0.022061549 0.999396145 -0.026842205 -3.316841125 -0.999299288 0.021231458 -0.030826535 112.086044312
-0.031747770 0.024960445 0.999184191 23.426355362 0.018313916 0.999534845 -0.024387307 -3.355045319 -0.999328136 0.017524729 -0.032190118 112.065193176
-0.033153031 0.020705162 0.999235749 24.273904800 0.015335083 0.999678254 -0.020205537 -3.387055397 -0.999332607 0.014653488 -0.033459879 112.050148010
-0.033581343 0.015333536 0.999318361 25.130237579 0.013549974 0.999797404 -0.014885551 -3.418577194 -0.999344170 0.013040858 -0.033782311 112.029502869
-0.033986937 0.009877549 0.999373436 25.963661194 0.009523691 0.999909043 -0.009558957 -3.443195581 -0.999376893 0.009192842 -0.034077916 112.013450623
-0.033280410 0.008328151 0.999411345 26.822944641 0.007592530 0.999938548 -0.008079715 -3.471784115 -0.999417186 0.007319164 -0.033341598 111.983787537
-0.032676917 0.015550241 0.999344945 27.656360626 0.010439067 0.999829710 -0.015216445 -3.496381998 -0.999411404 0.009935003 -0.032833684 111.961242676
-0.031330228 0.026377186 0.999160945 28.489213943 0.013031883 0.999577403 -0.025979551 -3.529358625 -0.999424100 0.012207004 -0.031660736 111.931510925
-0.031034958 0.032141913 0.999001384 29.323905945 0.014603031 0.999390721 -0.031700782 -3.549788713 -0.999411643 0.013604616 -0.031485420 111.913986206
-0.029703289 0.026514610 0.999207079 30.159334183 0.015943721 0.999533474 -0.026049318 -3.586761951 -0.999431551 0.015157329 -0.030112172 111.891944885
-0.028353196 0.018383108 0.999428868 30.994964600 0.019358482 0.999653459 -0.017838048 -3.625785351 -0.999410450 0.018841663 -0.028699240 111.858596802
-0.027778201 0.015303918 0.999496996 31.822443008 0.020623883 0.999678731 -0.014733519 -3.656090975 -0.999401331 0.020204239 -0.028084904 111.835533142
-0.028112400 0.015887491 0.999478459 32.644783020 0.019704465 0.999688208 -0.015336596 -3.684589863 -0.999410510 0.019263040 -0.028416689 111.820381165
-0.029215155 0.016971124 0.999429107 33.455749512 0.016124908 0.999733806 -0.016504936 -3.714343548 -0.999442995 0.015633510 -0.029481037 111.801864624
-0.030872999 0.016998671 0.999378860 34.262733459 0.014164394 0.999762416 -0.016567629 -3.742138624 -0.999422908 0.013644103 -0.031106442 111.776702881
-0.033023395 0.016841305 0.999312699 35.073986053 0.013666517 0.999772131 -0.016397424 -3.770371675 -0.999361157 0.013115624 -0.033246033 111.751335144
-0.035073459 0.016994299 0.999240160 35.876102448 0.012647236 0.999782920 -0.016559608 -3.800363302 -0.999304712 0.012056823 -0.035280779 111.726745605
-0.037311763 0.017236689 0.999154985 36.688472748 0.010557954 0.999802232 -0.016853586 -3.828611851 -0.999247909 0.009920197 -0.037486367 111.707397461
-0.039447956 0.016465215 0.999085903 37.483142853 0.008729636 0.999831676 -0.016132830 -3.857983828 -0.999183476 0.008085248 -0.039585061 111.685310364
-0.041385941 0.015530386 0.999022484 38.273555756 0.009312484 0.999841750 -0.015157340 -3.884376049 -0.999099791 0.008676081 -0.041524023 111.651809692
-0.043343950 0.015124507 0.998945713 39.051670074 0.008345718 0.999855876 -0.014776174 -3.918704748 -0.999025404 0.007696462 -0.043463930 111.619308472
-0.045126345 0.016386716 0.998846948 39.835533142 0.008924696 0.999832153 -0.015999677 -3.939836025 -0.998941422 0.008192398 -0.045265015 111.591506958
-0.046108723 0.016388666 0.998802125 40.608779907 0.008964721 0.999831915 -0.015991716 -3.969345570 -0.998896182 0.008216625 -0.046247892 111.552597046
-0.046990573 0.015195754 0.998779833 41.384742737 0.011003087 0.999831498 -0.014694083 -3.996590614 -0.998834729 0.010299176 -0.047149856 111.513023376
-0.048827652 0.014469052 0.998702466 42.158042908 0.011179483 0.999840379 -0.013938962 -4.024146557 -0.998744667 0.010484369 -0.048981614 111.482910156
-0.050378323 0.013755524 0.998635471 42.916278839 0.009286032 0.999868333 -0.013304050 -4.055733681 -0.998687029 0.008603124 -0.050499424 111.451637268
-0.051678576 0.013327348 0.998574853 43.670711517 0.008000623 0.999884307 -0.012930775 -4.072132587 -0.998631716 0.007320974 -0.051779225 111.417465210
-0.052235000 0.011858130 0.998564422 44.396099091 0.007192275 0.999907970 -0.011497858 -4.097740173 -0.998608947 0.006581360 -0.052315481 111.382637024
-0.053015433 0.011980459 0.998521864 45.112152100 0.007662236 0.999903381 -0.011590218 -4.119750023 -0.998564303 0.007036449 -0.053102110 111.349098206
-0.052926030 0.014149514 0.998498261 45.820377350 0.007399010 0.999877632 -0.013776877 -4.146825314 -0.998571098 0.006658742 -0.053024247 111.316902161
-0.052773464 0.017016413 0.998461545 46.526138306 0.007499318 0.999833345 -0.016643418 -4.173402786 -0.998578429 0.006609449 -0.052892283 111.280937195
-0.053407874 0.018556651 0.998400331 47.225566864 0.005204880 0.999818921 -0.018304586 -4.197326183 -0.998559177 0.004218946 -0.053494781 111.249809265
-0.053403758 0.019554788 0.998381555 47.923820496 0.005834767 0.999797344 -0.019270414 -4.220015049 -0.998555958 0.004796211 -0.053507030 111.216232300
-0.053572379 0.019248420 0.998378456 48.620185852 0.007390995 0.999794424 -0.018879127 -4.245854855 -0.998536646 0.006367610 -0.053703632 111.182838440
-0.054044083 0.018763971 0.998362243 49.295516968 0.007728554 0.999801338 -0.018372651 -4.273180485 -0.998508632 0.006722962 -0.054178357 111.144088745
-0.053900436 0.018825015 0.998368859 49.982170105 0.003979255 0.999818504 -0.018637516 -4.296147346 -0.998538375 0.002968196 -0.053965557 111.111579895
-0.053758692 0.019029224 0.998372674 50.671485901 0.001603329 0.999818742 -0.018970456 -4.322581768 -0.998552680 0.000580894 -0.053779464 111.086257935
-0.053855531 0.017706444 0.998391807 51.346279144 0.003202122 0.999840677 -0.017559411 -4.348165989 -0.998543620 0.002251301 -0.053903654 111.051750183
-0.054997306 0.016822262 0.998344779 52.020759583 0.003382802 0.999855399 -0.016661363 -4.374238491 -0.998480737 0.002460873 -0.055046268 111.016586304
-0.058249615 0.016312836 0.998168766 52.690879822 0.000319444 0.999866664 -0.016321944 -4.399782658 -0.998301983 -0.000631888 -0.058247067 110.980178833
-0.063417286 0.016214719 0.997855306 53.352550507 -0.003170516 0.999859691 -0.016448788 -4.419255733 -0.997982085 -0.004206854 -0.063356981 110.944801331
-0.069146767 0.020260865 0.997400701 54.017921448 0.000374780 0.999794245 -0.020283503 -4.441628456 -0.997606456 -0.001028734 -0.069140136 110.896301270
-0.075474419 0.023295274 0.996875584 54.689220428 0.003031397 0.999727786 -0.023132417 -4.461060047 -0.997143149 0.001276019 -0.075524502 110.838005066
-0.083195232 0.024891321 0.996222377 55.359130859 0.001888555 0.999690115 -0.024820253 -4.486555099 -0.996531487 -0.000183505 -0.083216459 110.785041809
-0.089121968 0.023774773 0.995736957 56.037689209 -0.002135921 0.999708235 -0.024060769 -4.515386581 -0.996018410 -0.004271158 -0.089045174 110.724449158
-0.094652563 0.022690676 0.995251775 56.719776154 -0.001950347 0.999734163 -0.022978354 -4.544108391 -0.995508492 -0.004116047 -0.094583146 110.665885925
-0.099598840 0.023142137 0.994758546 57.413227081 -0.004544368 0.999708474 -0.023712287 -4.569202423 -0.995017290 -0.006882265 -0.099464640 110.604431152
-0.103605218 0.022698767 0.994359493 58.116516113 -0.006448312 0.999703228 -0.023492618 -4.588869095 -0.994597554 -0.008845898 -0.103428096 110.541114807
-0.106389306 0.019350220 0.994136333 58.820137024 -0.006250198 0.999777794 -0.020128908 -4.614937305 -0.994304836 -0.008355048 -0.106244735 110.468971252
-0.107889675 0.015945250 0.994034946 59.536098480 -0.004397558 0.999853909 -0.016515885 -4.643553257 -0.994153082 -0.006153221 -0.107803799 110.389503479
-0.109652787 0.013233861 0.993881881 60.255798340 -0.004908109 0.999891996 -0.013855387 -4.668357372 -0.993957818 -0.006397362 -0.109575987 110.318695068
-0.111087404 0.013285148 0.993721843 60.988140106 -0.004891098 0.999891222 -0.013914399 -4.686767578 -0.993798614 -0.006406106 -0.111010343 110.241973877
-0.111141682 0.016928628 0.993660390 61.712944031 -0.003306898 0.999843061 -0.017403837 -4.707790852 -0.993799090 -0.005220226 -0.111068264 110.159973145
-0.111432843 0.021052236 0.993548930 62.446315765 0.002487414 0.999778330 -0.020905251 -4.732474804 -0.993768871 0.000141837 -0.111460507 110.074539185
-0.112707518 0.026281670 0.993280530 63.199161530 0.010025391 0.999629259 -0.025312070 -4.757614613 -0.993577659 0.007105166 -0.112929218 109.992424011
-0.112266891 0.026843969 0.993315458 63.924377441 0.010451643 0.999611616 -0.025832852 -4.787297726 -0.993623137 0.007481605 -0.112503849 109.896430969
-0.113118961 0.024829529 0.993271291 64.694717407 0.008971538 0.999672472 -0.023967821 -4.817791939 -0.993540943 0.006199955 -0.113304675 109.817314148
-0.112646401 0.019553909 0.993442774 65.449729919 0.009098929 0.999784708 -0.018647010 -4.847405434 -0.993593574 0.006938746 -0.112800062 109.733146667
-0.113218926 0.017759090 0.993411362 66.199157715 0.011144504 0.999799967 -0.016603166 -4.874864578 -0.993507624 0.009191284 -0.113394216 109.650367737
-0.114233144 0.017575616 0.993298471 66.955337524 0.011417392 0.999800801 -0.016377620 -4.900295734 -0.993388355 0.009470010 -0.114411056 109.569183350
-0.115843393 0.018136596 0.993101895 67.701240540 0.009908896 0.999804676 -0.017103150 -4.927792549 -0.993218064 0.007859257 -0.116000488 109.489280701
-0.118185923 0.019297166 0.992803991 68.436416626 0.009253828 0.999789119 -0.018331336 -4.949999332 -0.992948353 0.007020731 -0.118339568 109.408210754
-0.120597295 0.019244764 0.992514968 69.176948547 0.010317865 0.999782383 -0.018131984 -4.979001999 -0.992647827 0.008053969 -0.120769620 109.320068359
-0.122603856 0.019385375 0.992266417 69.919998169 0.010645495 0.999777436 -0.018216763 -5.003658295 -0.992398620 0.008329720 -0.122782931 109.231895447
-0.124313653 0.019109836 0.992058933 70.670631409 0.010571524 0.999783278 -0.017933927 -5.031004429 -0.992186606 0.008258142 -0.124488741 109.134704590
-0.125991270 0.019420115 0.991841197 71.420822144 0.008443316 0.999793172 -0.018503278 -5.054927826 -0.991995335 0.006043179 -0.126129180 109.046241760
-0.127001926 0.020792382 0.991684496 72.175537109 0.008229034 0.999767900 -0.019907996 -5.082748413 -0.991868317 0.005632251 -0.127143562 108.953239441
-0.128172755 0.021164099 0.991526008 72.943077087 0.007085844 0.999766290 -0.020424010 -5.106263161 -0.991726518 0.004407997 -0.128292799 108.865005493
-0.129429713 0.021539101 0.991354644 73.706939697 0.006948403 0.999759257 -0.020814534 -5.130827904 -0.991564214 0.004194312 -0.129548192 108.767509460
-0.130680650 0.020059321 0.991221488 74.485374451 0.007336553 0.999787509 -0.019265432 -5.152343750 -0.991397381 0.004754530 -0.130800068 108.673980713
-0.131515831 0.017610978 0.991157591 75.267356873 0.005342677 0.999840319 -0.017056338 -5.177869797 -0.991299748 0.003052257 -0.131588936 108.575317383
-0.133517340 0.015496437 0.990925312 76.055923462 0.001673628 0.999879777 -0.015410964 -5.200910091 -0.991045058 -0.000399192 -0.133527249 108.481895447
-0.135351405 0.014973071 0.990684509 76.831192017 0.003257782 0.999887109 -0.014667067 -5.224583626 -0.990792274 0.001242225 -0.135384902 108.368118286
-0.137006938 0.015823757 0.990443707 77.627555847 0.004583912 0.999871790 -0.015340297 -5.245888710 -0.990559459 0.002438380 -0.137061909 108.263076782
-0.139324889 0.017252043 0.990096390 78.422660828 0.004082414 0.999849737 -0.016847519 -5.267396927 -0.990238249 0.001694704 -0.139374375 108.152610779
-0.140999764 0.020324657 0.989800990 79.217132568 0.005282424 0.999790490 -0.019777283 -5.300180912 -0.989995420 0.002439955 -0.141077593 108.044868469
-0.141305715 0.024379442 0.989665747 80.023582458 0.007257648 0.999695361 -0.023590254 -5.326847553 -0.989939392 0.003849208 -0.141439572 107.930114746
-0.142659485 0.027793918 0.989381433 80.822647095 0.007726767 0.999606490 -0.026967030 -5.367255211 -0.989741683 0.003797618 -0.142818123 107.813179016
-0.142247409 0.029169928 0.989401162 81.648185730 0.010192681 0.999555826 -0.028003896 -5.396166325 -0.989778697 0.006101170 -0.142481536 107.693672180
-0.141677052 0.028430253 0.989504635 82.479385376 0.013466980 0.999550402 -0.026790686 -5.430568218 -0.989821374 0.009530014 -0.141996235 107.573974609
-0.141448110 0.026424089 0.989592969 83.307388306 0.014033880 0.999596775 -0.024685267 -5.464884758 -0.989846230 0.010396144 -0.141761914 107.451522827
-0.140297756 0.024673022 0.989801884 84.147171021 0.012945118 0.999649704 -0.023083618 -5.499112129 -0.990024805 0.009574523 -0.140568018 107.332237244
-0.139088884 0.022157041 0.990032017 84.994628906 0.012461711 0.999709666 -0.020622892 -5.529861927 -0.990201473 0.009469079 -0.139324635 107.230949402
-0.137897655 0.019166782 0.990261018 85.849739075 0.012909584 0.999762595 -0.017552981 -5.556428909 -0.990362346 0.010363343 -0.138112351 107.123229980
-0.135941714 0.015483182 0.990595818 86.698120117 0.013207235 0.999817371 -0.013814858 -5.588079929 -0.990628719 0.011205017 -0.136121362 107.005378723
-0.134188488 0.015653582 0.990832150 87.547515869 0.011523868 0.999832273 -0.014235090 -5.613417625 -0.990888834 0.009508035 -0.134346381 106.896408081
-0.133062690 0.019770768 0.990910411 88.405838013 0.011989566 0.999759972 -0.018337334 -5.643452168 -0.991035104 0.009440572 -0.133267805 106.789642334
-0.131131783 0.026407775 0.991013110 89.250015259 0.013126148 0.999603748 -0.024899825 -5.669752598 -0.991278052 0.009743026 -0.131426424 106.680496216
-0.129624844 0.029658094 0.991119444 90.100082397 0.010636742 0.999536753 -0.028518820 -5.700519085 -0.991506040 0.006845536 -0.129880220 106.575691223
-0.128344819 0.026930254 0.991363883 90.964202881 0.009288535 0.999620080 -0.025952006 -5.735782146 -0.991686046 0.005877513 -0.128546208 106.471572876
