1.000000000 0.000000000 0.000000000 0.000000000 0.000000000 1.000000000 0.000000000 0.000000000 0.000000000 0.000000000 1.000000000 0.000000000
0.999991596 -0.002391249 -0.003333498 -0.003572927 0.002383992 0.999994755 -0.002179236 -0.005663265 0.003338692 0.002171271 0.999992073 0.664415717
0.999971330 -0.001078998 -0.007491660 -0.012814520 0.001052076 0.999992967 -0.003596691 -0.010567405 0.007495489 0.003588706 0.999965489 1.358620524
0.999940753 -0.001398517 -0.010796157 -0.035359215 0.001346478 0.999987423 -0.004825900 -0.014735236 0.010802770 0.004811078 0.999930084 2.062670946
0.999878764 0.000036447 -0.015572578 -0.055222996 -0.000123330 0.999984443 -0.005578273 -0.017047640 0.015572132 0.005579518 0.999863207 2.789445639
0.999798834 -0.000545372 -0.020049101 -0.070836976 0.000427945 0.999982774 -0.005860821 -0.025035255 0.020051949 0.005851063 0.999781847 3.531705618
0.999700606 0.000863463 -0.024453985 -0.096214339 -0.001033973 0.999975264 -0.006960912 -0.034351740 0.024447368 0.006984113 0.999676704 4.286167145
0.999571741 0.003514381 -0.029049588 -0.131798372 -0.003744602 0.999961972 -0.007874490 -0.035944235 0.029020809 0.007979897 0.999546945 5.051465034
0.999424875 0.003960805 -0.033677112 -0.160165310 -0.004160434 0.999974191 -0.005859730 -0.052634276 0.033653036 0.005996472 0.999415576 5.842378616
0.999265909 0.003251295 -0.038172219 -0.195496038 -0.003375676 0.999989331 -0.003194405 -0.059047166 0.038161419 0.003320918 0.999266028 6.639438152
0.999144316 0.003173126 -0.041237712 -0.238760263 -0.003197360 0.999994755 -0.000521732 -0.066547431 0.041235838 0.000653139 0.999149144 7.448290348
0.999029219 0.004225595 -0.043848939 -0.280004323 -0.004286506 0.999989927 -0.001295169 -0.075914145 0.043843035 0.001481871 0.999037325 8.258194923
0.998938084 0.003812063 -0.045915384 -0.325392187 -0.003882975 0.999991357 -0.001455294 -0.081995413 0.045909446 0.001632037 0.998944283 9.078700066
0.998874724 0.001245871 -0.047411054 -0.371313274 -0.001351632 0.999996662 -0.002198726 -0.087358207 0.047408160 0.002260335 0.998872995 9.904359818
0.998751521 0.000400279 -0.049952276 -0.404723078 -0.000454017 0.999999285 -0.001064443 -0.098121978 0.049951822 0.001085794 0.998751044 10.750400543
0.998670340 -0.001102173 -0.051540937 -0.450072050 0.001030123 0.999998510 -0.001424471 -0.104423217 0.051542424 0.001369483 0.998669803 11.599956512
0.998581648 0.001152649 -0.053230613 -0.502650261 -0.001347103 0.999992549 -0.003617306 -0.115837745 0.053226043 0.003683883 0.998575687 12.453380585
0.998513341 0.001902933 -0.054474939 -0.555357635 -0.002253185 0.999977112 -0.006368916 -0.123143807 0.054461576 0.006482190 0.998494804 13.314075470
0.998403192 0.005692603 -0.056202441 -0.613206625 -0.006149236 0.999949396 -0.007955210 -0.135903820 0.056154311 0.008288109 0.998387694 14.187267303
0.998335421 0.006957112 -0.057253525 -0.669061005 -0.007402421 0.999943972 -0.007569433 -0.147921011 0.057197649 0.007980649 0.998330951 15.078058243
0.998263478 0.005863114 -0.058613461 -0.724422038 -0.006214995 0.999963760 -0.005822923 -0.164283812 0.058577187 0.006177095 0.998263717 15.963288307
0.998198211 0.006687778 -0.059628401 -0.788002789 -0.006979676 0.999964714 -0.004688377 -0.172899559 0.059594944 0.005096117 0.998209655 16.859354019
0.998130858 0.006134409 -0.060804076 -0.844610035 -0.006417735 0.999969423 -0.004465454 -0.189163536 0.060774826 0.004847331 0.998139799 17.767473221
0.998031676 0.006196419 -0.062403761 -0.904068828 -0.006536040 0.999964893 -0.005239666 -0.203536272 0.062369108 0.005637226 0.998037219 18.665868759
0.997994781 0.004775632 -0.063116059 -0.969726741 -0.005136983 0.999971330 -0.005564142 -0.218923420 0.063087679 0.005877211 0.997990668 19.579469681
0.997929990 0.004204718 -0.064172208 -1.021453261 -0.004478883 0.999981403 -0.004129067 -0.227131039 0.064153649 0.004407940 0.997930348 20.500513077
0.997946501 0.006247563 -0.063747115 -1.090703607 -0.006318768 0.999979615 -0.000915445 -0.236764193 0.063740097 0.001316368 0.997965693 21.423202515
0.997997761 0.007109410 -0.062848754 -1.153222084 -0.006947995 0.999972045 0.002786488 -0.244589075 0.062866792 -0.002344236 0.998019218 22.356271744
0.998113036 0.006667934 -0.061040089 -1.218049765 -0.006340024 0.999964416 0.005564152 -0.250945747 0.061075021 -0.005166656 0.998119771 23.286159515
0.998197079 0.005916207 -0.059729062 -1.271846414 -0.005523262 0.999962032 0.006741751 -0.259964675 0.059766676 -0.006399698 0.998191774 24.231012344
0.998270810 0.006313364 -0.058442626 -1.326828599 -0.006099504 0.999974072 0.003836961 -0.265833884 0.058465336 -0.003473854 0.998283327 25.174375534
0.998335898 0.006634832 -0.057283077 -1.389253259 -0.006685033 0.999977410 -0.000684791 -0.272879988 0.057277244 0.001066591 0.998357713 26.112684250
0.998390436 0.006505776 -0.056340273 -1.437675118 -0.006730330 0.999970138 -0.003796854 -0.282890975 0.056313880 0.004169931 0.998404384 27.057748795
0.998435616 0.003854471 -0.055781037 -1.488588452 -0.004033200 0.999987066 -0.003091908 -0.289054126 0.055768397 0.003312046 0.998438179 28.017009735
0.998435378 0.002287925 -0.055871412 -1.547735333 -0.002172521 0.999995351 0.002126191 -0.302863300 0.055876017 -0.002001482 0.998435616 28.989620209
0.998410165 -0.001270355 -0.056351606 -1.604682326 0.001596138 0.999982297 0.005736619 -0.314975232 0.056343321 -0.005817443 0.998394489 29.942968369
0.998294473 -0.008674133 -0.057731733 -1.650366187 0.008967238 0.999948144 0.004819887 -0.317980081 0.057686936 -0.005329360 0.998320460 30.921268463
0.998207271 -0.010795371 -0.058870669 -1.707581878 0.010877904 0.999940276 0.001081684 -0.325049967 0.058855470 -0.001720135 0.998265028 31.883115768
0.998125672 -0.010590749 -0.060274661 -1.768221736 0.010429907 0.999941170 -0.002982484 -0.330081105 0.060302697 0.002348235 0.998177350 32.858917236
0.998043835 -0.008919633 -0.061878461 -1.850047708 0.008691457 0.999954402 -0.003955672 -0.337285280 0.061910931 0.003410120 0.998075843 33.847049713
0.997971892 -0.009169085 -0.062991560 -1.897064567 0.009056519 0.999956846 -0.002072305 -0.357686311 0.063007832 0.001497618 0.998011887 34.820182800
0.997909844 -0.006191742 -0.064323358 -1.964886189 0.006251839 0.999980271 0.000733057 -0.370616794 0.064317539 -0.001133664 0.997928858 35.819133759
0.997833729 -0.006011847 -0.065510742 -2.033887625 0.006160443 0.999978840 0.002066480 -0.381311566 0.065496922 -0.002465579 0.997849703 36.803077698
0.997765660 -0.004922049 -0.066628627 -2.099050283 0.005240148 0.999975681 0.004600297 -0.388590872 0.066604368 -0.004939162 0.997767270 37.777656555
0.997789621 -0.004667724 -0.066288233 -2.166523695 0.005197297 0.999955893 0.007818739 -0.401842862 0.066248827 -0.008145976 0.997769892 38.767684937
0.997749150 0.000674949 -0.067054063 -2.238780975 -0.000004006 0.999949872 0.010005610 -0.400530964 0.067057468 -0.009982819 0.997699201 39.751960754
0.997771859 0.001509300 -0.066701189 -2.317195654 -0.000892162 0.999956548 0.009281080 -0.409907371 0.066712290 -0.009200892 0.997729838 40.736957550
0.997748375 0.000845384 -0.067063317 -2.378670454 -0.000321492 0.999969363 0.007822308 -0.411086947 0.067067876 -0.007783135 0.997717977 41.737712860
0.997763932 0.003341465 -0.066753536 -2.461216927 -0.002983479 0.999980628 0.005461759 -0.415362149 0.066770501 -0.005250388 0.997754514 42.733810425
0.997706711 0.002613432 -0.067635752 -2.533188343 -0.002246169 0.999982357 0.005505492 -0.418944597 0.067648940 -0.005340945 0.997694850 43.722972870
0.997612357 0.000343254 -0.069060341 -2.597497225 0.000127998 0.999976695 0.006819244 -0.429277420 0.069061071 -0.006811801 0.997589171 44.699367523
0.997562945 0.000860292 -0.069767080 -2.669189692 -0.000302189 0.999967873 0.008009687 -0.437878340 0.069771729 -0.007969084 0.997531176 45.682754517
0.997570217 0.003845633 -0.069560371 -2.752305269 -0.003547611 0.999984026 0.004407416 -0.451062113 0.069576211 -0.004149934 0.997568071 46.648960114
0.997485280 0.003707727 -0.070777178 -2.820904493 -0.003690198 0.999993086 0.000378411 -0.453935564 0.070778087 -0.000116278 0.997492015 47.613025665
0.997456908 0.004966903 -0.071099259 -2.900271177 -0.005053711 0.999986768 -0.001041112 -0.459747016 0.071093135 0.001397779 0.997468710 48.583675385
0.997444987 0.003515420 -0.071353406 -2.973081112 -0.003313816 0.999990225 0.002943611 -0.479966342 0.071363047 -0.002699637 0.997446775 49.559116364
0.997424066 0.001431482 -0.071716331 -3.032309532 -0.001001932 0.999981463 0.006025175 -0.487279147 0.071723618 -0.005937800 0.997406900 50.512191772
0.997411907 -0.000284249 -0.071898207 -3.104521513 0.000765097 0.999977529 0.006660438 -0.497018278 0.071894698 -0.006698209 0.997389793 51.475273132
0.997380257 -0.003735750 -0.072240569 -3.171111584 0.004142886 0.999976397 0.005486813 -0.506692708 0.072218366 -0.005771725 0.997372150 52.434833527
0.997327387 -0.007176862 -0.072708577 -3.232754946 0.007513867 0.999962270 0.004362543 -0.513701797 0.072674543 -0.004897206 0.997343600 53.381244659
0.997255266 -0.008551568 -0.073544018 -3.304608345 0.008977205 0.999944806 0.005458893 -0.521573663 0.073493287 -0.006104130 0.997277021 54.331958771
0.997119963 -0.012285056 -0.074838668 -3.373038054 0.013032612 0.999869883 0.009508723 -0.523236334 0.074712127 -0.010456681 0.997150302 55.285316467
0.997092664 -0.012161227 -0.075220942 -3.444864035 0.013291015 0.999805927 0.014537255 -0.529574811 0.075029552 -0.015494755 0.997060895 56.222648621
0.997082949 -0.010420972 -0.075610422 -3.524525404 0.011722180 0.999790370 0.016786026 -0.529388309 0.075419642 -0.017623380 0.996996105 57.171234131
0.996981502 -0.008855280 -0.077132449 -3.599136353 0.009851527 0.999872744 0.012545153 -0.529218495 0.077011548 -0.013267158 0.996941924 58.098072052
0.996908069 -0.007401558 -0.078226082 -3.677855968 0.007820635 0.999956608 0.005052289 -0.538531303 0.078185290 -0.005648444 0.996922791 58.999835968
0.996827722 -0.006014785 -0.079361826 -3.751444101 0.006056312 0.999981642 0.000282567 -0.548452795 0.079358682 -0.000762310 0.996845841 59.933429718
0.996804297 -0.000807369 -0.079879172 -3.838566542 0.000895244 0.999999046 0.001064290 -0.558348477 0.079878248 -0.001132400 0.996803999 60.831207275
0.996672571 0.002010158 -0.081484139 -3.919651747 -0.001758955 0.999993503 0.003154520 -0.568166971 0.081489936 -0.003000696 0.996669650 61.731990814
0.996587336 0.004244845 -0.082436092 -3.993832827 -0.003856034 0.999980628 0.004875158 -0.583572984 0.082455188 -0.004540644 0.996584356 62.619766235
0.996476412 0.005007545 -0.083724655 -4.068958759 -0.004652163 0.999979317 0.004439216 -0.590341806 0.083745174 -0.004034073 0.996478975 63.485942841
0.996342301 0.006884798 -0.085173480 -4.150391579 -0.006443452 0.999964356 0.005455558 -0.599989831 0.085208006 -0.004886792 0.996351182 64.334419250
0.996229947 0.007681915 -0.086411431 -4.231308937 -0.007171732 0.999954939 0.006213000 -0.614650667 0.086455256 -0.005569856 0.996240139 65.182235718
0.996105790 0.007320637 -0.087861270 -4.305184841 -0.006749512 0.999954164 0.006795641 -0.622203767 0.087906979 -0.006176157 0.996109486 66.001968384
0.996018112 0.007133484 -0.088864997 -4.384000301 -0.006474480 0.999949396 0.007701845 -0.629357398 0.088915437 -0.007095823 0.996013820 66.817214966
0.995870829 0.009635857 -0.090268515 -4.463318348 -0.008732045 0.999907792 0.010402067 -0.633526027 0.090360425 -0.009570885 0.995863080 67.617950439
0.995727003 0.011392801 -0.091639876 -4.538082123 -0.010090908 0.999841630 0.014657455 -0.641223013 0.091792338 -0.013670094 0.995684266 68.402359009
0.995538712 0.014658070 -0.093208373 -4.617664337 -0.013212987 0.999783039 0.016102089 -0.641650736 0.093424164 -0.014798691 0.995516419 69.173698425
0.995378613 0.017599151 -0.094401054 -4.697068214 -0.016516209 0.999788642 0.012240866 -0.652375996 0.094596520 -0.010625149 0.995458961 69.919044495
0.995242536 0.017462300 -0.095850527 -4.770613670 -0.017063279 0.999842048 0.004981081 -0.658059955 0.095922358 -0.003321860 0.995383263 70.643722534
0.995101810 0.016657310 -0.097441062 -4.841336250 -0.016826522 0.999857962 -0.000915003 -0.664934993 0.097411998 0.002550116 0.995240867 71.358428955
0.995049775 0.017289083 -0.097861715 -4.913344383 -0.017585862 0.999843061 -0.002170820 -0.668666601 0.097808823 0.003881057 0.995197654 72.052574158
0.994942367 0.019924475 -0.098451801 -4.993873119 -0.019884411 0.999801338 0.001388236 -0.678768337 0.098459914 0.000576441 0.995140851 72.729980469
0.994790018 0.020204728 -0.099923067 -5.062811852 -0.019913943 0.999794066 0.003906731 -0.697369158 0.099981420 -0.001896515 0.994987547 73.382598877
0.994759083 0.017039867 -0.100816488 -5.128693581 -0.017080417 0.999854088 0.000461019 -0.704563498 0.100809626 0.001263385 0.994904995 74.013755798
0.994849324 0.008883495 -0.100976191 -5.176296234 -0.009397769 0.999945164 -0.004618456 -0.719807625 0.100929633 0.005543617 0.994878054 74.634155273
0.994977236 0.004869104 -0.099983163 -5.230319500 -0.005865617 0.999935985 -0.009675240 -0.725486875 0.099929661 0.010213106 0.994942069 75.231628418
0.995236099 0.007086219 -0.097236328 -5.284023762 -0.008068327 0.999920309 -0.009710733 -0.740084946 0.097159766 0.010449006 0.995213926 75.814529419
0.995596230 0.012147454 -0.092953891 -5.349369049 -0.012830114 0.999894917 -0.006749973 -0.752676129 0.092862122 0.007912857 0.995647550 76.382316589
0.996033370 0.010692391 -0.088335827 -5.397509098 -0.011036868 0.999933302 -0.003412104 -0.766555190 0.088293456 0.004373521 0.996084988 76.938751221
0.996565700 0.007022772 -0.082506910 -5.434493542 -0.007022285 0.999975324 0.000296092 -0.768275201 0.082506955 0.000284312 0.996590495 77.485603333
0.997239292 0.002525893 -0.074211717 -5.464173317 -0.002234678 0.999989450 0.004006896 -0.786305308 0.074221060 -0.003829996 0.997234464 78.010192871
0.997946560 0.006243313 -0.063746087 -5.493808746 -0.006009078 0.999974430 0.003865571 -0.794726193 0.063768581 -0.003474578 0.997958660 78.533309937
0.998740673 0.011349128 -0.048868388 -5.517687321 -0.011202294 0.999931812 0.003277520 -0.800884485 0.048902247 -0.002725955 0.998799801 79.035461426
0.999400735 0.016410274 -0.030477857 -5.535660744 -0.016303727 0.999860048 0.003741118 -0.805908561 0.030534973 -0.003241973 0.999528468 79.532394409
0.999854684 0.014910655 -0.008264678 -5.527928352 -0.014872524 0.999878585 0.004656101 -0.815361023 0.008333092 -0.004532507 0.999954939 80.008575439
0.999777496 0.011250335 0.017844951 -5.495667934 -0.011347082 0.999921441 0.005329628 -0.819036365 -0.017783588 -0.005530930 0.999826491 80.467315674
0.998824537 0.010220071 0.047383226 -5.451344013 -0.010570467 0.999918580 0.007150281 -0.829531193 -0.047306288 -0.007642740 0.998851180 80.923393250
0.996713638 0.009514078 0.080445491 -5.394226551 -0.010272199 0.999906600 0.009015460 -0.841644704 -0.080352195 -0.009812183 0.996718168 81.376197815
0.992966652 0.009868697 0.117982715 -5.316768646 -0.010980995 0.999901175 0.008781309 -0.836229444 -0.117884383 -0.010015113 0.992976785 81.818321228
0.987171471 0.009603349 0.159375355 -5.227241516 -0.011139582 0.999899685 0.008748468 -0.842881203 -0.159275338 -0.010411612 0.987179279 82.217956543
0.978822589 0.009221715 0.204502940 -5.111541748 -0.011234409 0.999899209 0.008683039 -0.849352300 -0.204402238 -0.010796624 0.978827417 82.634246826
0.967281342 0.011351524 0.253452301 -4.976997852 -0.013495097 0.999886334 0.006720475 -0.858279407 -0.253347248 -0.009920952 0.967324555 83.036079407
0.951596677 0.013021552 0.307073534 -4.829019547 -0.014867206 0.999882698 0.003671956 -0.861118257 -0.306989729 -0.008059547 0.951678693 83.422439575
0.931754768 0.013285393 0.362844914 -4.647504330 -0.014737135 0.999890625 0.001233189 -0.864446640 -0.362788826 -0.006496325 0.931848764 83.791778564
0.907461166 0.013011531 0.419934481 -4.453857422 -0.014289242 0.999897838 -0.000103039 -0.877393603 -0.419892937 -0.005907042 0.907554448 84.130805969
0.878724396 0.013192035 0.477147192 -4.234482765 -0.013726470 0.999902964 -0.002366086 -0.882011950 -0.477132052 -0.004470408 0.878820240 84.438003540
0.845313072 0.012187054 0.534132361 -3.991150141 -0.011378475 0.999923587 -0.004807336 -0.884712994 -0.534150183 -0.002013908 0.845387220 84.737976074
0.807941675 0.011603897 0.589148283 -3.734773874 -0.010285221 0.999931395 -0.005589838 -0.899071932 -0.589172781 -0.001543258 0.808005631 85.033569336
0.768112004 0.010467924 0.640229881 -3.456238508 -0.009422053 0.999942899 -0.005045271 -0.904697239 -0.640246093 -0.002156948 0.768166780 85.300125122
0.725813925 0.010153022 0.687816143 -3.161230564 -0.010825338 0.999935806 -0.003336922 -0.908307791 -0.687805891 -0.005023858 0.725877225 85.540946960
0.681165695 0.009132305 0.732072413 -2.857580662 -0.009351701 0.999949157 -0.003772557 -0.909995973 -0.732069671 -0.004276386 0.681216359 85.755599976
0.635022521 0.007508772 0.772457123 -2.529635668 -0.006619044 0.999968886 -0.004278937 -0.925554812 -0.772465289 -0.002395706 0.635052502 85.960449219
0.587879896 0.004579456 0.808935225 -2.202328205 -0.000314590 0.999985218 -0.005432383 -0.931057334 -0.808948278 0.002939105 0.587872624 86.142616272
0.541495383 0.006260272 0.840680420 -1.866884947 -0.002385132 0.999979734 -0.005910220 -0.944239497 -0.840700388 0.001195222 0.541499257 86.305358887
0.494421184 0.009670940 0.869168639 -1.529315114 -0.005274949 0.999953032 -0.008125510 -0.942111135 -0.869206369 -0.000567395 0.494449049 86.460494995
0.448847741 0.011237924 0.893537641 -1.191082239 -0.006082398 0.999936223 -0.009520736 -0.957174659 -0.893587530 -0.001161490 0.448887467 86.593208313
0.406449437 0.009183678 0.913627148 -0.836338043 0.000727976 0.999945939 -0.010375203 -0.961250544 -0.913672924 0.004882095 0.406420857 86.704643250
0.365543842 0.001482598 0.930793047 -0.463255972 0.014924623 0.999860764 -0.007453858 -0.971896648 -0.930674434 0.016616447 0.365470886 86.818923950
0.330023378 -0.001818386 0.943971038 -0.096755147 0.018971855 0.999808848 -0.004706837 -0.973948896 -0.943782091 0.019462246 0.329994857 86.909934998
0.296813041 0.001793630 0.954933941 0.269186467 0.016512681 0.999839008 -0.007010454 -0.983204305 -0.954792798 0.017849313 0.296735734 87.005027771
0.265809536 0.009444746 0.963979185 0.638630033 0.005483462 0.999920964 -0.011308910 -0.997382462 -0.964009941 0.008291961 0.265736789 87.102996826
0.237268269 0.014073725 0.971342325 1.017996550 0.000521829 0.999893010 -0.014614864 -1.012316227 -0.971444011 0.003974517 0.237235576 87.191520691
0.211582825 0.015663844 0.977234542 1.409784675 0.002038525 0.999862313 -0.016467903 -1.026695132 -0.977357984 0.005476443 0.211521775 87.255767822
0.188075319 0.017115157 0.982005477 1.819196939 0.009138332 0.999774337 -0.019175038 -1.035937905 -0.982112050 0.012580243 0.187876463 87.311538696
0.168281987 0.023042170 0.985469580 2.232692003 0.015927523 0.999532700 -0.026090831 -1.039631605 -0.985610247 0.020086706 0.167836323 87.349906921
0.148183644 0.030504003 0.988489330 2.657007694 0.018083392 0.999273539 -0.033547655 -1.030280590 -0.988794506 0.022846453 0.147524372 87.405212402
0.130509526 0.031169241 0.990957022 3.097817898 0.016015997 0.999309003 -0.033541255 -1.043266177 -0.991317689 0.020248618 0.129920125 87.460868835
0.115310960 0.026774241 0.992968559 3.559201241 0.013764098 0.999497652 -0.028548680 -1.068397641 -0.993234098 0.016959295 0.114884488 87.507453918
0.100571841 0.023686206 0.994647801 4.027536392 0.013534132 0.999591529 -0.025172407 -1.088396907 -0.994837761 0.015993332 0.100210190 87.551864624
0.087405622 0.021107955 0.995949149 4.514029026 0.016334997 0.999610722 -0.022619136 -1.103116632 -0.996038795 0.018245870 0.087026782 87.581497192
0.075814351 0.020223841 0.996916831 5.007224083 0.020034419 0.999561548 -0.021801088 -1.118191719 -0.996920705 0.021625485 0.075375937 87.605354309
0.065504022 0.020962883 0.997632086 5.520088196 0.023307851 0.999474347 -0.022531979 -1.131484032 -0.997579992 0.024728594 0.064980991 87.632980347
0.057638559 0.021463038 0.998106778 6.060099125 0.025292495 0.999416530 -0.022951795 -1.144083977 -0.998017073 0.026567517 0.057062075 87.658729553
0.052241810 0.021686604 0.998398960 6.600750923 0.027260162 0.999360561 -0.023133898 -1.162770152 -0.998262346 0.028425073 0.051617227 87.676483154
0.046857178 0.022798887 0.998641372 7.160878658 0.028665436 0.999297023 -0.024158863 -1.176845551 -0.998490155 0.029758511 0.046170708 87.695877075
0.040920109 0.023473656 0.998886704 7.746584892 0.028750729 0.999282360 -0.024660747 -1.194963336 -0.998748660 0.029727843 0.040215861 87.716484070
0.036133002 0.023406833 0.999072850 8.346889496 0.030906564 0.999221265 -0.024528094 -1.210850358 -0.998868942 0.031764179 0.035381433 87.736099243
0.033393547 0.023505133 0.999165833 8.971016884 0.032249182 0.999177516 -0.024583220 -1.226866961 -0.998921752 0.033043202 0.032608062 87.750404358
0.030450601 0.022813683 0.999275804 9.607857704 0.033472307 0.999155462 -0.023830926 -1.248389006 -0.998975635 0.034173738 0.029661259 87.763198853
0.028106567 0.022270728 0.999356806 10.261567116 0.035559393 0.999096632 -0.023265027 -1.267089486 -0.998972178 0.036190424 0.027289243 87.778068542
0.027350629 0.021783523 0.999388516 10.939367294 0.039953042 0.998939872 -0.022867154 -1.287843704 -0.998827159 0.040554035 0.026451316 87.791526794
0.028452253 0.021359118 0.999366879 11.629218102 0.043426964 0.998801351 -0.022583408 -1.305756450 -0.998651385 0.044042017 0.027490586 87.805007935
0.030887339 0.021123502 0.999299645 12.335779190 0.045441631 0.998713255 -0.022515662 -1.327958584 -0.998489380 0.046105262 0.029887708 87.828018188
0.034902517 0.021221830 0.999165356 13.071554184 0.047626041 0.998603284 -0.022873545 -1.345982552 -0.998255253 0.048384625 0.033843055 87.843460083
0.039505858 0.020565683 0.999007642 13.814003944 0.048197545 0.998585224 -0.022462962 -1.367229104 -0.998056233 0.049037132 0.038458746 87.871833801
0.043338295 0.019013746 0.998879492 14.565370560 0.049658123 0.998541951 -0.021161836 -1.386453867 -0.997825563 0.050519601 0.042330921 87.908149719
0.046875600 0.017615771 0.998745382 15.330197334 0.048908316 0.998604834 -0.019908782 -1.404976368 -0.997702658 0.049780186 0.045948640 87.957435608
0.051594373 0.015373991 0.998549700 16.131788254 0.046390984 0.998765171 -0.017774297 -1.425805330 -0.997590065 0.047240764 0.050817456 87.989906311
0.055377197 0.014242277 0.998363912 16.927410126 0.045743484 0.998812199 -0.016785970 -1.445398211 -0.997417092 0.046598207 0.054659933 88.047409058
0.059523236 0.015020781 0.998113871 17.731794357 0.043145787 0.998913586 -0.017605847 -1.468150735 -0.997294068 0.044112358 0.058810487 88.100769043
0.062558651 0.019274520 0.997855246 18.522375107 0.040397160 0.998945355 -0.021828199 -1.491631746 -0.997223377 0.041676059 0.061714027 88.148803711
0.063882679 0.024739353 0.997650743 19.325454712 0.034668922 0.999034345 -0.026993616 -1.512984037 -0.997355103 0.036311898 0.062963292 88.211059570
0.063514747 0.027750526 0.997594953 20.132116318 0.031619176 0.999055564 -0.029804280 -1.540867329 -0.997479916 0.033436134 0.062577307 88.273651123
0.063851126 0.027081532 0.997591913 20.949668884 0.029588312 0.999140918 -0.029017385 -1.577691674 -0.997520685 0.031369854 0.062994987 88.328674316
0.063624449 0.025614737 0.997645140 21.764707565 0.026521737 0.999274015 -0.027347971 -1.606004477 -0.997621477 0.028199276 0.062898912 88.393669128
0.063715063 0.024077941 0.997677565 22.577541351 0.027850406 0.999276698 -0.025895150 -1.642569423 -0.997579396 0.029435638 0.062998384 88.442558289
0.063952304 0.023170199 0.997683942 23.408592224 0.025131293 0.999375999 -0.024820434 -1.679904103 -0.997636497 0.026660411 0.063330099 88.506874084
0.064222530 0.023433069 0.997660398 24.223041534 0.023389118 0.999414325 -0.024979893 -1.711658239 -0.997661471 0.024938671 0.063636832 88.563659668
0.063886583 0.024149453 0.997664928 25.028432846 0.020452388 0.999465466 -0.025502726 -1.741599798 -0.997747660 0.022033911 0.063358516 88.625450134
0.062827028 0.025393689 0.997701347 25.838212967 0.017652947 0.999491513 -0.026550891 -1.774563193 -0.997868299 0.019280486 0.062346805 88.681243896
0.059813034 0.025025420 0.997895896 26.654047012 0.014332978 0.999561131 -0.025926288 -1.805185914 -0.998106718 0.015853554 0.059428092 88.740730286
0.055871218 0.024029175 0.998148799 27.459037781 0.012062567 0.999621212 -0.024739821 -1.833369255 -0.998365045 0.013422484 0.055560201 88.792541504
0.051211156 0.021422572 0.998458028 28.280452728 0.010237533 0.999706089 -0.021974435 -1.864251018 -0.998635352 0.011347081 0.050976798 88.836097717
0.045394190 0.019153586 0.998785496 29.095712662 0.008184853 0.999775469 -0.019544568 -1.894451618 -0.998935580 0.009062122 0.045227230 88.874244690
0.037732136 0.019678898 0.999094009 29.902446747 0.007752211 0.999770164 -0.019984987 -1.920265079 -0.999257803 0.008499265 0.037570912 88.906478882
0.029378308 0.020412358 0.999359906 30.693761826 0.007239269 0.999760866 -0.020633360 -1.951709867 -0.999542177 0.007840808 0.029223518 88.922782898
0.019182770 0.020846440 0.999598622 31.496555328 0.007742894 0.999749541 -0.020998178 -1.974857092 -0.999786079 0.008142589 0.019016553 88.939704895
0.008800230 0.019877635 0.999763668 32.298339844 0.009315992 0.999757409 -0.019959511 -2.004049778 -0.999917924 0.009489439 0.008612915 88.948120117
-0.001966285 0.019065114 0.999816358 33.090591431 0.008497724 0.999782503 -0.019047758 -2.029917717 -0.999962032 0.008458711 -0.002127865 88.945602417
-0.013143098 0.018065911 0.999750435 33.863731384 0.009556431 0.999793351 -0.017941050 -2.053662300 -0.999867976 0.009318246 -0.013313030 88.939689636
-0.024047330 0.018294534 0.999543488 34.644451141 0.009649117 0.999790192 -0.018066911 -2.079175234 -0.999664247 0.009210251 -0.024218814 88.916885376
-0.035566878 0.019268967 0.999181569 35.415958405 0.009700425 0.999773622 -0.018935092 -2.103707075 -0.999320269 0.009019024 -0.035745744 88.891502380
-0.045315359 0.020044126 0.998771608 36.182216644 0.009489330 0.999762177 -0.019633468 -2.134054184 -0.998927653 0.008587973 -0.045494795 88.843505859
-0.055905078 0.021223901 0.998210490 36.946861267 0.010050979 0.999735355 -0.020693414 -2.156085491 -0.998385489 0.008876127 -0.056103610 88.802673340
-0.065484196 0.021727266 0.997617006 37.704654694 0.011212860 0.999715865 -0.021036956 -2.187907219 -0.997790575 0.009808553 -0.065709226 88.748725891
-0.075055964 0.022314869 0.996929586 38.460556030 0.011313230 0.999704301 -0.021525230 -2.210130215 -0.997115135 0.009662896 -0.075286224 88.688224792
-0.084316917 0.022709174 0.996180177 39.200580597 0.011914850 0.999691725 -0.021780744 -2.237986565 -0.996367753 0.010032851 -0.084561512 88.625000000
-0.093095265 0.022111321 0.995411634 39.936180115 0.013123470 0.999693871 -0.020979075 -2.262701273 -0.995570660 0.011110201 -0.093356930 88.554397583
-0.100315712 0.020804813 0.994738042 40.659706116 0.014499402 0.999705791 -0.019446498 -2.291425228 -0.994850039 0.012472317 -0.100587860 88.476379395
-0.105156258 0.019353103 0.994267344 41.382678986 0.018189849 0.999680758 -0.017534668 -2.317626715 -0.994289339 0.016241694 -0.105474710 88.386863708
-0.108540818 0.017866895 0.993931413 42.088920593 0.021499535 0.999646723 -0.015621811 -2.339215517 -0.993859470 0.019673461 -0.108886607 88.298278809
-0.111514315 0.016712517 0.993622422 42.792255402 0.022904815 0.999636292 -0.014243059 -2.360889435 -0.993498802 0.021170432 -0.111856543 88.221755981
-0.113339476 0.015866607 0.993429720 43.476783752 0.022799984 0.999650776 -0.013364740 -2.382419825 -0.993294716 0.021135425 -0.113661647 88.147216797
-0.114067972 0.016445516 0.993336797 44.146972656 0.024042437 0.999615788 -0.013788603 -2.400454283 -0.993182003 0.022309396 -0.114419542 88.068145752
-0.112775661 0.017349681 0.993468940 44.796367645 0.024653444 0.999588490 -0.014657969 -2.421274424 -0.993314624 0.022839367 -0.113156989 87.991630554
-0.109878413 0.019167524 0.993760169 45.421989441 0.025872167 0.999530435 -0.016418176 -2.440123320 -0.993608236 0.023906730 -0.110322729 87.927429199
-0.104728103 0.019460956 0.994310379 46.031276703 0.025704376 0.999527454 -0.016855689 -2.465381384 -0.994168580 0.023792863 -0.105178855 87.858932495
-0.096800812 0.020151481 0.995099723 46.627780914 0.025232485 0.999523401 -0.017786510 -2.485190392 -0.994983852 0.023387091 -0.097263142 87.806739807
-0.085487403 0.020215124 0.996134102 47.209850311 0.024234258 0.999540448 -0.018204488 -2.506701469 -0.996044457 0.022584314 -0.085938007 87.764259338
-0.071803607 0.020145204 0.997215271 47.765464783 0.023223968 0.999558628 -0.018520325 -2.531331301 -0.997148395 0.021829469 -0.072239764 87.732604980
-0.054994378 0.021373438 0.998257816 48.303451538 0.022690710 0.999539256 -0.020150838 -2.556750298 -0.998228788 0.021542994 -0.055454016 87.723350525
-0.033439562 0.023927068 0.999154210 48.823200226 0.020228405 0.999524832 -0.023258938 -2.578509092 -0.999235988 0.019433528 -0.033907682 87.712715149
-0.008810806 0.026861960 0.999600232 49.345123291 0.018285453 0.999476314 -0.026697453 -2.603013515 -0.999793887 0.018042920 -0.009297375 87.726852417
0.018864492 0.028653115 0.999411345 49.857227325 0.016274191 0.999448061 -0.028961347 -2.622307777 -0.999689519 0.016810954 0.018387770 87.769027710
0.052081402 0.028008025 0.998249948 50.367969513 0.013429246 0.999496698 -0.028743638 -2.645263672 -0.998552501 0.014902758 0.051679064 87.814506531
0.091659777 0.024967330 0.995477259 50.835285187 0.012251405 0.999581754 -0.026198333 -2.675731659 -0.995714962 0.014597332 0.091315553 87.846595764
0.132980451 0.021860652 0.990877688 51.352951050 0.011133057 0.999660730 -0.023548534 -2.689233541 -0.991056144 0.014162989 0.132691950 87.954727173
0.178577974 0.017517902 0.983769834 51.839649200 0.008501955 0.999776721 -0.019346243 -2.708714247 -0.983889043 0.011818781 0.178389162 88.065628052
0.227016509 0.014385491 0.973784685 52.326320648 0.004107828 0.999867857 -0.015728461 -2.723991394 -0.973882258 0.007570759 0.226927429 88.209358215
0.278718203 0.012670044 0.960289299 52.793102264 0.000483389 0.999911070 -0.013333109 -2.742840767 -0.960372865 0.004180375 0.278687239 88.377922058
0.333846688 0.012321246 0.942546904 53.239791870 -0.000926114 0.999918342 -0.012743195 -2.759240627 -0.942626894 0.003381369 0.333830833 88.565925598
0.390324414 0.013358392 0.920580447 53.664066315 0.001546192 0.999883831 -0.015164730 -2.768941879 -0.920675993 0.007342560 0.390258431 88.788635254
0.450814545 0.015677763 0.892480016 54.082374573 0.002798159 0.999816060 -0.018976705 -2.792539120 -0.892613232 0.011052276 0.450687736 89.027397156
0.511366844 0.019366225 0.859144211 54.482223511 0.003644906 0.999688208 -0.024703732 -2.805882692 -0.859354794 0.015764168 0.511136711 89.288887024
0.570163131 0.024427125 0.821168184 54.836605072 0.000215924 0.999553323 -0.029883433 -2.804111481 -0.821531534 0.017215740 0.569903195 89.571830750
0.623360276 0.027089007 0.781465471 55.148956299 -0.003821710 0.999493361 -0.031598300 -2.825193405 -0.781925440 0.016710592 0.623147845 89.911682129
0.676691532 0.027716434 0.735744774 55.476974487 -0.005260896 0.999447703 -0.032811809 -2.842740536 -0.736247957 0.018332800 0.676463544 90.256202698
0.725120664 0.025590496 0.688146234 55.753597260 -0.005227820 0.999485075 -0.031659715 -2.859834671 -0.688602090 0.019359609 0.724880934 90.608963013
0.769681454 0.023302265 0.638002753 56.005741119 -0.008183204 0.999611676 -0.026637433 -2.869921923 -0.638375759 0.015281430 0.769573212 90.997634888
0.812022269 0.019737314 0.583292603 56.267322540 -0.009496543 0.999742508 -0.020608569 -2.870590448 -0.583549142 0.011195355 0.812000632 91.390998840
0.848720312 0.018052159 0.528533757 56.486324310 -0.012143157 0.999818981 -0.014649482 -2.874908924 -0.528702557 0.006015246 0.848785877 91.815261841
0.879717171 0.014855002 0.475265205 56.669136047 -0.012977234 0.999889553 -0.007231894 -2.882745504 -0.475320190 0.000194393 0.879812837 92.246299744
0.905491352 0.015988771 0.424063385 56.830982208 -0.016957358 0.999855101 -0.001489669 -2.895285130 -0.424025774 -0.005842112 0.905631304 92.674560547
0.925019562 0.017991409 0.379493237 56.935844421 -0.020376058 0.999789774 0.002267833 -2.910752296 -0.379372627 -0.009830365 0.925191700 93.075767517
0.940215886 0.023002136 0.339801461 57.062484741 -0.026451828 0.999634862 0.005522894 -2.922533751 -0.339550287 -0.014181082 0.940481007 93.534599304
0.952085555 0.027270220 0.304613590 57.173519135 -0.030135047 0.999534786 0.004706317 -2.922896147 -0.304343611 -0.013660361 0.952464402 93.994094849
0.961188674 0.029722385 0.274286181 57.275123596 -0.032295115 0.999466598 0.004867785 -2.922033787 -0.273995131 -0.013536961 0.961635828 94.457931519
0.967221558 0.024388732 0.252760351 57.382415771 -0.026526576 0.999635398 0.005053128 -2.925852537 -0.252544969 -0.011592359 0.967515707 94.923835754
0.971188188 0.021749256 0.237319395 57.489288330 -0.023843376 0.999698043 0.005957028 -2.936454773 -0.237118155 -0.011443890 0.971413434 95.403747559
0.973976433 0.026323026 0.225115567 57.577938080 -0.028342297 0.999581814 0.005742444 -2.940655470 -0.224870294 -0.011973297 0.974315107 95.901672363
0.976022959 0.031321626 0.215402409 57.667221069 -0.033567231 0.999413490 0.006773987 -2.939340353 -0.215063930 -0.013842030 0.976501882 96.416046143
0.977315784 0.037854608 0.208376676 57.777515411 -0.039716940 0.999199629 0.004759100 -2.927109003 -0.208029747 -0.012927228 0.978037000 96.891830444
0.977638245 0.043720495 0.205698788 57.869915009 -0.044962406 0.998987675 0.001364749 -2.931366920 -0.205430910 -0.010582943 0.978614390 97.410278320
0.977785349 0.045401338 0.204632729 57.979488373 -0.046108909 0.998935521 -0.001311651 -2.936988354 -0.204474464 -0.008152877 0.978837907 97.948928833
0.977195203 0.044257399 0.207679182 58.088184357 -0.044099387 0.999012530 -0.005392869 -2.941420555 -0.207712799 -0.003888637 0.978182077 98.485214233
0.976474822 0.043205108 0.211258635 58.217662811 -0.041786008 0.999064028 -0.011179100 -2.954941034 -0.211543918 0.002088455 0.977366209 99.031524658
0.975772440 0.042177405 0.214684024 58.353042603 -0.039618380 0.999083400 -0.016210938 -2.950469017 -0.215170965 0.007312755 0.976549029 99.580963135
0.974494517 0.046951555 0.219444647 58.470001221 -0.044530224 0.998880506 -0.015969979 -2.958193779 -0.219948769 0.005790736 0.975494266 100.165779114
0.973072171 0.049994074 0.225013688 58.600421906 -0.048529088 0.998749316 -0.012040312 -2.968348026 -0.225334167 0.000796385 0.974281251 100.753753662
0.972157776 0.046689726 0.229628876 58.748558044 -0.046175044 0.998904288 -0.007617263 -2.976653576 -0.229732916 -0.003197941 0.973248482 101.350311279
0.971417725 0.042610418 0.233520895 58.898452759 -0.043417241 0.999055684 -0.001686804 -2.991122723 -0.233372226 -0.008500240 0.972350359 101.974960327
0.970647216 0.040313587 0.237105101 59.053222656 -0.042247228 0.999102473 0.003077792 -3.000005722 -0.236768231 -0.013004486 0.971479118 102.587799072
0.970073044 0.035618190 0.240186751 59.211353302 -0.037606407 0.999285817 0.003698025 -3.004406452 -0.239883497 -0.012619915 0.970719635 103.225364685
0.970077455 0.032133061 0.240660042 59.370662689 -0.033183567 0.999449253 0.000312757 -3.007743597 -0.240517437 -0.008289359 0.970609426 103.868698120
0.970189750 0.031536400 0.240285844 59.531589508 -0.030878762 0.999502063 -0.006502372 -3.015638113 -0.240371227 -0.001111196 0.970680416 104.512695312
0.970387161 0.033980135 0.239152923 59.690834045 -0.031764947 0.999409318 -0.013111972 -3.024360418 -0.239457250 0.005127008 0.970893383 105.149230957
0.971005201 0.036747515 0.236217126 59.850566864 -0.033675965 0.999287784 -0.017025884 -3.029588461 -0.236674547 0.008577381 0.971551180 105.825180054
0.971601903 0.035317518 0.233971149 60.012992859 -0.033239845 0.999365270 -0.012818713 -3.037095547 -0.234275356 0.004677521 0.972159088 106.523712158
0.971954346 0.031510256 0.233049423 60.177417755 -0.031190705 0.999500692 -0.005057234 -3.051343441 -0.233092412 -0.002353574 0.972451746 107.233131409
0.972573221 0.031732410 0.230421916 60.345420837 -0.032824412 0.999460638 0.000906392 -3.065871000 -0.230268911 -0.008444997 0.973090410 107.950683594
0.972825766 0.035418920 0.228813201 60.504386902 -0.036400694 0.999337256 0.000070307 -3.072906971 -0.228659064 -0.008397357 0.973470330 108.679222107
0.973164737 0.040719379 0.226478189 60.661987305 -0.040778361 0.999158382 -0.004420090 -3.081072569 -0.226467565 -0.004933933 0.974006176 109.407211304
0.973994374 0.041877504 0.222668514 60.823116302 -0.040761914 0.999122679 -0.009605701 -3.090384960 -0.222875401 0.000279505 0.974846900 110.135253906
0.974978387 0.040212333 0.218632683 60.991744995 -0.038389809 0.999183655 -0.012579415 -3.099260807 -0.218960062 0.003871391 0.975726187 110.891212463
0.975898802 0.038488496 0.214802593 61.157939911 -0.036991335 0.999255240 -0.010986962 -3.111116409 -0.215065494 0.002776329 0.976595759 111.663040161
0.976757467 0.034564212 0.211542219 61.328067780 -0.033453196 0.999401271 -0.008829729 -3.125710726 -0.211720794 0.001547740 0.977328956 112.442100525
0.977171719 0.033213891 0.209838793 61.494800568 -0.032689005 0.999447703 -0.005970209 -3.137961149 -0.209921226 -0.001025500 0.977717757 113.236289978
0.977490962 0.030434405 0.208770126 61.661254883 -0.030315798 0.999533296 -0.003768642 -3.147233963 -0.208787397 -0.002645219 0.977957428 114.036308289
0.977750838 0.025088266 0.208264038 61.834213257 -0.025124298 0.999681294 -0.002472683 -3.159168720 -0.208259702 -0.002814820 0.978069544 114.820251465
0.977865160 0.026020424 0.207611740 62.000442505 -0.026408821 0.999650836 -0.000901094 -3.168369293 -0.207562715 -0.004601631 0.978210926 115.623657227
0.977615833 0.031718854 0.207993388 62.164035797 -0.031850230 0.999488950 -0.002718150 -3.182872534 -0.207973316 -0.003967331 0.978126407 116.444999695
0.977355957 0.036691960 0.208396316 62.332725525 -0.036186934 0.999325693 -0.006236672 -3.187439442 -0.208484605 -0.001445775 0.978024602 117.264251709
0.976748824 0.045555662 0.209491074 62.492416382 -0.044925135 0.998960137 -0.007769899 -3.196443558 -0.209627181 -0.001822175 0.977779746 118.096733093
0.975816905 0.051302213 0.212483972 62.653900146 -0.050886430 0.998676777 -0.007428772 -3.205253363 -0.212583899 -0.003563429 0.977136374 118.931816101
0.975038350 0.053986315 0.215373680 62.831344604 -0.054093540 0.998521268 -0.005400865 -3.226411343 -0.215346783 -0.006384276 0.976516843 119.758750916
0.974429607 0.054695141 0.217934355 63.012756348 -0.054730710 0.998483837 -0.005877871 -3.246878386 -0.217925429 -0.006200130 0.975945711 120.600158691
0.974085867 0.053040758 0.219871476 63.196144104 -0.052379433 0.998588145 -0.008840634 -3.256086349 -0.220029965 -0.002905208 0.975488782 121.432037354
0.974061430 0.047045652 0.221339509 63.388904572 -0.046557866 0.998888016 -0.007423523 -3.271794319 -0.221442640 -0.003074128 0.975168586 122.277091980
0.974371374 0.040582243 0.221254542 63.591938019 -0.039573401 0.999176145 -0.008992473 -3.293186903 -0.221437201 0.000006213 0.975174606 123.102455139
0.974124670 0.039594457 0.222516090 63.780033112 -0.038581505 0.999215841 -0.008899181 -3.311722279 -0.222693950 0.000083906 0.974888384 123.940299988
0.973569453 0.042122934 0.224473014 63.968757629 -0.041811902 0.999106646 -0.006141105 -3.325054407 -0.224531144 -0.003406852 0.974460959 124.788970947
0.973145545 0.044181641 0.225910947 64.152183533 -0.045275278 0.998974621 -0.000340366 -3.338210106 -0.225694314 -0.009896955 0.974147856 125.630989075
0.972729385 0.048136152 0.226892754 64.334579468 -0.050245330 0.998730659 0.003526130 -3.351112604 -0.226435021 -0.014830274 0.973913312 126.466217041
0.972493112 0.047231100 0.228092968 64.517898560 -0.047911704 0.998848438 -0.002555554 -3.369451523 -0.227951020 -0.008443065 0.973635972 127.275497437
0.972797632 0.043125212 0.227607444 64.713844299 -0.040316939 0.999042749 -0.016975325 -3.387243748 -0.228121638 0.007337116 0.973604977 128.086212158
