1.000000000 0.000000000 0.000000000 0.000000000 0.000000000 1.000000000 0.000000000 0.000000000 0.000000000 0.000000000 1.000000000 0.000000000
0.999934196 -0.002448047 0.011209961 0.015808024 0.002437060 0.999996543 0.000993662 -0.003527835 -0.011212355 -0.000966277 0.999936700 0.294724047
0.999827325 -0.004564149 0.018014509 0.024474086 0.004544800 0.999989033 0.001114852 -0.007629634 -0.018019401 -0.001032787 0.999837101 0.583286285
0.999775887 -0.007536722 0.019783463 0.039419275 0.007540359 0.999971569 -0.000109283 -0.011333792 -0.019782076 0.000258433 0.999804258 0.888259947
0.999815106 -0.008715207 0.017140128 0.049879275 0.008748517 0.999960005 -0.001869392 -0.009326480 -0.017123150 0.002018997 0.999851346 1.201961994
0.999876559 -0.011477588 0.010732288 0.051724713 0.011514699 0.999927938 -0.003402387 -0.010918320 -0.010692462 0.003525546 0.999936640 1.522383928
0.999911189 -0.013231607 -0.001682889 0.047168255 0.013222525 0.999898553 -0.005298385 -0.014348189 0.001752825 0.005275663 0.999984562 1.846821785
0.999754429 -0.012364104 -0.018386541 0.029552007 0.012261762 0.999908745 -0.005668562 -0.018759685 0.018454950 0.005441720 0.999814868 2.185980320
0.999245405 -0.008038047 -0.038001146 -0.002703344 0.007835288 0.999954224 -0.005481526 -0.025187271 0.038043465 0.005179640 0.999262631 2.527934074
0.998325169 -0.004328147 -0.057689458 -0.042504981 0.003953127 0.999970317 -0.006613203 -0.033038311 0.057716362 0.006374074 0.998312652 2.878458500
0.996920824 -0.004051063 -0.078309372 -0.079991825 0.003494460 0.999967635 -0.007243463 -0.033310018 0.078336187 0.006947510 0.996902764 3.242844582
0.995028019 -0.005678491 -0.099434182 -0.128139615 0.005045321 0.999965370 -0.006618034 -0.037618425 0.099468328 0.006083452 0.995022118 3.615127087
0.992883325 -0.007336282 -0.118864432 -0.190532640 0.006703745 0.999961078 -0.005720472 -0.044649914 0.118901797 0.004882923 0.992893994 4.002831936
0.990619838 -0.006092359 -0.136511058 -0.266245455 0.005368557 0.999969482 -0.005669680 -0.043319777 0.136541441 0.004883630 0.990622342 4.397750378
0.988218069 -0.005081627 -0.152967736 -0.330633730 0.004404551 0.999978840 -0.004764818 -0.053681053 0.152988747 0.004034925 0.988219678 4.808863163
0.986077845 -0.004177560 -0.166231707 -0.415131688 0.003476479 0.999983728 -0.004508244 -0.064036138 0.166247845 0.003867578 0.986076415 5.231694698
0.983952165 -0.005812404 -0.178337514 -0.504972637 0.004919452 0.999972999 -0.005448886 -0.070154451 0.178364396 0.004484120 0.983954251 5.664509773
0.982027411 -0.009906658 -0.188477904 -0.588459373 0.008574157 0.999932230 -0.007883840 -0.075432293 0.188543230 0.006126110 0.982045829 6.114985466
0.980512440 -0.008731448 -0.196263105 -0.686910450 0.006959624 0.999928594 -0.009715667 -0.082765095 0.196333945 0.008160414 0.980503082 6.574539661
0.979039669 -0.008580423 -0.203488901 -0.795689046 0.006416035 0.999915659 -0.011293715 -0.092737585 0.203568652 0.009751404 0.979012132 7.040504456
0.977311790 -0.009461115 -0.211594418 -0.907288313 0.006626523 0.999878585 -0.014101444 -0.102511071 0.211702153 0.012379370 0.977255881 7.522459030
0.975622833 -0.013210117 -0.219056144 -1.026496291 0.009979730 0.999824643 -0.015846835 -0.112559877 0.219227061 0.013274414 0.975583613 8.018079758
0.973560393 -0.019845448 -0.227565959 -1.132445216 0.016310662 0.999715447 -0.017403251 -0.122044519 0.227846608 0.013231364 0.973607183 8.533858299
0.971514940 -0.020262675 -0.236110389 -1.251704574 0.016164673 0.999683440 -0.019279281 -0.144009098 0.236426294 0.014913464 0.971534908 9.041624069
0.969425440 -0.016160732 -0.244853288 -1.403706670 0.010620890 0.999657214 -0.023928745 -0.152384773 0.245156065 0.020596573 0.969264865 9.570382118
0.967203915 -0.013123507 -0.253661811 -1.559323072 0.006501244 0.999616206 -0.026927358 -0.169483960 0.253917903 0.024395125 0.966918051 10.113112450
0.964837313 -0.015938336 -0.262363881 -1.712792277 0.008590898 0.999538779 -0.029128121 -0.183905318 0.262707114 0.025849955 0.964529276 10.687824249
0.962508976 -0.018958332 -0.270586401 -1.868169785 0.011039507 0.999465883 -0.030757565 -0.208661616 0.271025032 0.026617300 0.962204218 11.244825363
0.960255980 -0.018597974 -0.278500259 -2.044537783 0.009702063 0.999398708 -0.033286586 -0.228827000 0.278951883 0.029261626 0.959859133 11.819519997
0.958022773 -0.017545648 -0.286154836 -2.237748146 0.007216679 0.999285042 -0.037110545 -0.253955066 0.286601365 0.033487659 0.957464457 12.410394669
0.955682158 -0.018171059 -0.293839425 -2.426332474 0.006026320 0.999091625 -0.042183951 -0.284984559 0.294339031 0.038543683 0.954923511 13.010809898
0.953717530 -0.020313496 -0.300017089 -2.610733747 0.005667336 0.998752654 -0.049607579 -0.320726335 0.300650597 0.045611314 0.952643096 13.621478081
0.952346325 -0.021133339 -0.304286063 -2.817166567 0.003726413 0.998328507 -0.057673294 -0.357032329 0.304996341 0.053791050 0.950833142 14.236644745
0.951046169 -0.021071283 -0.308329970 -3.029422283 0.000620339 0.997801125 -0.066276334 -0.399087340 0.309048504 0.062840566 0.948967934 14.854487419
0.949762642 -0.020710604 -0.312285155 -3.248610020 -0.002962194 0.997168481 -0.075140752 -0.447861910 0.312957168 0.072290912 0.947012067 15.497706413
0.948578835 -0.020055944 -0.315904945 -3.481389999 -0.006262822 0.996606290 -0.082077406 -0.501844883 0.316479057 0.079835348 0.945234060 16.140741348
0.946832418 -0.018362543 -0.321202755 -3.708735466 -0.010689224 0.996023178 -0.088450104 -0.564795673 0.321549654 0.087180838 0.942870796 16.788436890
0.945207596 -0.017120045 -0.326020628 -3.958670139 -0.014630115 0.995399594 -0.094686583 -0.625613749 0.326141894 0.094268203 0.940608799 17.461929321
0.943586528 -0.015495175 -0.330763072 -4.206408024 -0.018705072 0.994815111 -0.099964872 -0.701425552 0.330597132 0.100512467 0.938404381 18.133178711
0.941869915 -0.012856673 -0.335731715 -4.464737415 -0.022985188 0.994460642 -0.102565557 -0.777228177 0.335190654 0.104320265 0.936356962 18.806209564
0.940135539 -0.011804212 -0.340596169 -4.733286858 -0.025274334 0.994232893 -0.104221493 -0.853114724 0.339862168 0.106590673 0.934415460 19.507148743
0.937744975 -0.011820878 -0.347123295 -4.997228622 -0.025730507 0.994310081 -0.103370383 -0.934024394 0.346370101 0.105866723 0.932105184 20.221424103
0.935551107 -0.011649558 -0.352998942 -5.269559860 -0.025914619 0.994497776 -0.101501465 -1.018714070 0.352239132 0.104107656 0.930101633 20.908542633
0.932984412 -0.012113727 -0.359712601 -5.558593750 -0.025516249 0.994692385 -0.099678725 -1.099821925 0.359010935 0.102177233 0.927723527 21.628097534
0.929835558 -0.010741041 -0.367818385 -5.846690178 -0.026807262 0.994940519 -0.096822381 -1.176776767 0.366997391 0.099889077 0.924843252 22.336502075
0.926413476 -0.009189439 -0.376395404 -6.154426575 -0.027116114 0.995477557 -0.091044202 -1.254299402 0.375529826 0.094550960 0.921974778 23.076766968
0.923033714 -0.005180866 -0.384684116 -6.480942249 -0.030190866 0.995850205 -0.085853703 -1.334646106 0.383532584 0.090859815 0.919046879 23.812910080
0.919436574 -0.001389464 -0.393235832 -6.813737392 -0.033546653 0.996071100 -0.081955962 -1.410012722 0.391804785 0.088545054 0.915777683 24.563354492
0.915630639 0.000057735 -0.402020544 -7.161456585 -0.035303108 0.996148407 -0.080262296 -1.483406901 0.400467455 0.087683193 0.912106037 25.310731888
0.911677361 -0.000481909 -0.410906494 -7.507454395 -0.035285089 0.996213853 -0.079455301 -1.555623889 0.409388989 0.086936481 0.908208430 26.050296783
0.907729328 -0.000348299 -0.419556201 -7.873888969 -0.035925496 0.996262372 -0.078553528 -1.622343659 0.418015420 0.086378120 0.904323995 26.826639175
0.903738320 0.000156913 -0.428085327 -8.260471344 -0.036572989 0.996371984 -0.076844633 -1.690322399 0.426520228 0.085103802 0.900465310 27.615173340
0.899928331 -0.000757962 -0.436037093 -8.621520996 -0.035083480 0.996630490 -0.074140541 -1.769442320 0.434624106 0.082018867 0.896869361 28.359830856
0.896189153 -0.000385700 -0.443672001 -9.021987915 -0.034229420 0.996958911 -0.070007935 -1.838569760 0.442349821 0.077926986 0.893450618 29.153825760
0.892456412 0.002335074 -0.451127380 -9.435652733 -0.035188578 0.997300267 -0.064450756 -1.904228687 0.449759036 0.073394030 0.890129209 29.939546585
0.888587713 0.002441961 -0.458700150 -9.857357025 -0.033730183 0.997626483 -0.060030632 -1.969420314 0.457464844 0.068814531 0.886561036 30.746561050
0.884884417 0.001579676 -0.465807825 -10.285031319 -0.032519959 0.997763813 -0.058393732 -2.030115366 0.464673996 0.066819757 0.882957041 31.550394058
0.881433606 0.001030500 -0.472306818 -10.733735085 -0.031834744 0.997853041 -0.057233822 -2.090964079 0.471233845 0.065483578 0.879574060 32.384250641
0.878332496 0.001450220 -0.478047997 -11.193586349 -0.031763870 0.997962534 -0.055333290 -2.148522377 0.476993769 0.063785695 0.876589000 33.213600159
0.875275493 -0.000542977 -0.483624429 -11.656090736 -0.029301796 0.998102665 -0.054151706 -2.200184345 0.482736200 0.061568730 0.873598874 34.042629242
0.872688115 -0.001305613 -0.488276392 -12.152194023 -0.028865615 0.998109519 -0.054259889 -2.261567116 0.487424225 0.061446346 0.871000588 34.895992279
0.870334744 -0.003063855 -0.492451012 -12.607378960 -0.027337957 0.998138070 -0.054525886 -2.319184303 0.491701156 0.060918372 0.868630469 35.732391357
0.868943632 -0.002685752 -0.494903773 -13.109934807 -0.028064378 0.998108864 -0.054691505 -2.379866600 0.494114697 0.061412998 0.867224932 36.598964691
0.868529439 -0.002331170 -0.495632052 -13.615055084 -0.028233601 0.998132467 -0.054170288 -2.436198473 0.494832784 0.061041974 0.866841614 37.459316254
0.868178606 -0.002039245 -0.496247530 -14.119710922 -0.027868189 0.998213172 -0.052857023 -2.492535591 0.495468616 0.059718866 0.866570532 38.346405029
0.868084192 -0.003154491 -0.496406972 -14.646270752 -0.026113119 0.998305082 -0.052008793 -2.556704044 0.495729715 0.058110751 0.866530538 39.227432251
0.867442906 -0.005389556 -0.497507453 -15.168508530 -0.024030419 0.998320401 -0.052713823 -2.617794991 0.496956021 0.057681553 0.865856528 40.132831573
0.866182089 -0.008240678 -0.499660641 -15.699404716 -0.021026053 0.998377740 -0.052915320 -2.683284760 0.499285996 0.056340203 0.864603519 41.050548553
0.864505589 -0.008757364 -0.502546966 -16.241628647 -0.019778511 0.998481035 -0.051423449 -2.739405155 0.502233922 0.054395493 0.863019288 41.982810974
0.862534761 -0.007517269 -0.505941987 -16.785932541 -0.019064309 0.998697042 -0.047339622 -2.805434942 0.505638540 0.050477508 0.861267507 42.891006470
0.859762251 -0.007470184 -0.510639846 -17.336944580 -0.017017597 0.998918712 -0.043265715 -2.866428375 0.510410905 0.045888085 0.858705461 43.808422089
0.855848551 -0.007758991 -0.517168403 -17.909322739 -0.015578693 0.999047160 -0.040769313 -2.937295437 0.516991854 0.042949155 0.854912162 44.726974487
0.850672185 -0.010669997 -0.525588155 -18.468864441 -0.014395115 0.998946309 -0.043578383 -2.990474463 0.525499284 0.044636816 0.849622309 45.618316650
0.844781220 -0.014842894 -0.534906030 -19.036088943 -0.012200742 0.998821020 -0.046984613 -3.047239304 0.534972906 0.046217963 0.843604147 46.507022858
0.838473856 -0.014851040 -0.544739366 -19.621166229 -0.012255197 0.998861909 -0.046095077 -3.109589815 0.544803858 0.045325413 0.837337554 47.398441315
0.832598865 -0.011354521 -0.553760111 -20.220102310 -0.013596511 0.999069571 -0.040928185 -3.169150114 0.553709507 0.041605968 0.831669867 48.283485413
0.827582359 -0.006433739 -0.561307430 -20.847667694 -0.017022936 0.999186814 -0.036551062 -3.225705862 0.561086118 0.039804116 0.826799810 49.176891327
0.823693991 -0.006498621 -0.566997230 -21.463850021 -0.018213561 0.999115229 -0.037910711 -3.280271053 0.566741884 0.041553866 0.822846770 50.051399231
0.820023775 -0.008819058 -0.572261333 -22.079322815 -0.018619465 0.998940945 -0.042075388 -3.336297750 0.572026372 0.045158032 0.818991184 50.929748535
0.817067266 -0.010486412 -0.576446891 -22.698156357 -0.022124706 0.998527825 -0.049524680 -3.389674187 0.576117694 0.053218707 0.815632463 51.791576385
0.813786924 -0.012063773 -0.581038058 -23.328805923 -0.021542607 0.998471260 -0.050902732 -3.452983379 0.580763996 0.053941049 0.812282979 52.670330048
0.810518205 -0.010167918 -0.585625231 -23.963994980 -0.021282975 0.998677731 -0.046795659 -3.519043446 0.585326612 0.050392572 0.809230208 53.531864166
0.807429612 -0.007805343 -0.589912295 -24.611021042 -0.020766241 0.998916745 -0.041640379 -3.576960087 0.589598238 0.045871932 0.806392968 54.403533936
0.804427981 -0.005336958 -0.594026148 -25.260671616 -0.021886062 0.999014497 -0.038613558 -3.633888483 0.593646705 0.044062719 0.803518534 55.273273468
0.801239431 -0.005489121 -0.598318696 -25.924610138 -0.022339525 0.998986244 -0.039080955 -3.691866875 0.597926557 0.044679359 0.800304770 56.147014618
0.797642589 -0.007083044 -0.603088796 -26.582000732 -0.022231529 0.998906255 -0.041135088 -3.742358446 0.602720499 0.046218693 0.796612799 57.010700226
0.793402433 -0.010267941 -0.608610809 -27.254627228 -0.020744367 0.998820782 -0.043894161 -3.802960634 0.608343840 0.047450982 0.792253852 57.894790649
0.789398193 -0.010792182 -0.613786638 -27.903232574 -0.020455847 0.998827755 -0.043870851 -3.859833956 0.613540590 0.047187090 0.788252056 58.701183319
0.784768820 -0.010711658 -0.619695961 -28.581598282 -0.020273102 0.998871982 -0.042939242 -3.919039726 0.619456887 0.046260532 0.783666432 59.549758911
0.780081511 -0.010123624 -0.625595987 -29.261600494 -0.020747941 0.998900592 -0.042036042 -3.978347301 0.625333905 0.045771364 0.779013813 60.369987488
0.774471343 -0.011985692 -0.632495344 -29.956098557 -0.019851651 0.998867631 -0.043236129 -4.035355568 0.632297337 0.046041224 0.773356378 61.234962463
0.769021988 -0.013429816 -0.639081180 -30.658885956 -0.019413568 0.998827338 -0.044350438 -4.093333721 0.638927400 0.046513300 0.767859519 62.074741364
0.763401270 -0.014602981 -0.645759404 -31.363349915 -0.018596293 0.998833120 -0.044571362 -4.158892632 0.645656765 0.046034571 0.762238920 62.910301208
0.757887781 -0.016762355 -0.652169585 -32.092815399 -0.017434636 0.998792410 -0.045932237 -4.220516205 0.652151942 0.046181817 0.756680310 63.736789703
0.751698911 -0.018467305 -0.659247875 -32.820354462 -0.016842596 0.998744309 -0.047182061 -4.280871868 0.659291446 0.046570152 0.750443876 64.565856934
0.745632887 -0.019611891 -0.666068196 -33.581989288 -0.015641050 0.998776317 -0.046917684 -4.350317478 0.666173220 0.045401372 0.744413793 65.397781372
0.739323318 -0.019353904 -0.673072398 -34.340496063 -0.014924047 0.998870373 -0.045115113 -4.416276455 0.673185170 0.043399617 0.738199234 66.226203918
0.732779860 -0.019701235 -0.680180490 -35.110889435 -0.014634306 0.998893321 -0.044698652 -4.471463203 0.680308402 0.042708244 0.731680572 67.046188354
0.726231337 -0.021522563 -0.687113464 -35.865482330 -0.013364250 0.998878956 -0.045413125 -4.536348820 0.687320590 0.042163193 0.725129426 67.844367981
0.719559908 -0.023635022 -0.694028020 -36.657363892 -0.012670025 0.998807371 -0.047150377 -4.596509457 0.694314778 0.042720873 0.718402326 68.669754028
0.713479340 -0.023178935 -0.700292826 -37.460178375 -0.013871426 0.998789549 -0.047191478 -4.655434608 0.700538993 0.043384206 0.712294102 69.475349426
0.708274364 -0.022264389 -0.705586076 -38.277580261 -0.014532359 0.998830855 -0.046105307 -4.722815990 0.705787659 0.042909034 0.707122803 70.273460388
0.703108788 -0.021987924 -0.710742235 -39.093196869 -0.015209964 0.998828173 -0.045946922 -4.785558701 0.710919619 0.043116044 0.701950431 71.080039978
0.698442459 -0.022352964 -0.715317011 -39.923706055 -0.016167838 0.998764098 -0.046996851 -4.847627163 0.715483487 0.044389721 0.697218001 71.871398926
0.693147659 -0.024458311 -0.720380485 -40.755771637 -0.016644264 0.998614550 -0.049919944 -4.919006824 0.720603406 0.046592090 0.691780210 72.665840149
0.688272655 -0.027503986 -0.724930465 -41.601661682 -0.015240512 0.998512208 -0.052353565 -4.984632492 0.725291908 0.047081836 0.686829567 73.455688477
0.682772934 -0.027698560 -0.730105400 -42.455108643 -0.015942877 0.998478353 -0.052789334 -5.059849739 0.730456591 0.047683109 0.681292415 74.257293701
0.677986979 -0.027106093 -0.734573901 -43.339099884 -0.016086549 0.998533428 -0.051693656 -5.130023956 0.734897852 0.046864387 0.676556706 75.056900024
0.673146665 -0.027133834 -0.739011049 -44.218444824 -0.015306088 0.998601377 -0.050606988 -5.202278137 0.739350677 0.045377295 0.671789825 75.840881348
0.667766988 -0.028229877 -0.743834794 -45.102607727 -0.014983429 0.998568296 -0.051348645 -5.275303841 0.744219422 0.045434121 0.666388094 76.636772156
0.662942410 -0.029342987 -0.748095036 -45.981563568 -0.013982417 0.998571992 -0.051558450 -5.344397545 0.748539746 0.044640467 0.661585510 77.411254883
0.658843815 -0.030045124 -0.751679540 -46.885601044 -0.013000783 0.998598158 -0.051309749 -5.418741226 0.752167404 0.043577529 0.657529593 78.184867859
0.654590368 -0.030772569 -0.755357265 -47.783550262 -0.011801906 0.998633504 -0.050910909 -5.493689060 0.755891681 0.042240445 0.653332651 78.962364197
0.650892138 -0.033819631 -0.758416593 -48.684261322 -0.008847313 0.998601496 -0.052123051 -5.567873001 0.759118855 0.040636428 0.649682581 79.720787048
0.646776795 -0.037973311 -0.761733413 -49.595211029 -0.006679037 0.998439491 -0.055444453 -5.638716698 0.762650132 0.040947832 0.645513833 80.483802795
0.642127037 -0.042413708 -0.765424132 -50.523456573 -0.002386833 0.998352826 -0.057323124 -5.710334301 0.766594529 0.038635664 0.640968144 81.256713867
0.635042131 -0.045723159 -0.771123171 -51.454265594 0.002586968 0.998366952 -0.057066966 -5.790193081 0.772473156 0.034245055 0.634123385 82.034904480
0.626990736 -0.049550399 -0.777449250 -52.380676270 0.007262525 0.998303533 -0.057769429 -5.873012543 0.778992832 0.030574657 0.626286924 82.778244019
0.618075192 -0.050494883 -0.784495592 -53.334911346 0.009896220 0.998355508 -0.056463350 -5.953089237 0.786056638 0.027135059 0.617558599 83.519447327
0.609356165 -0.048595794 -0.791405976 -54.293838501 0.010271152 0.998520136 -0.053405054 -6.037913799 0.792830110 0.024414053 0.608953536 84.251548767
0.600317776 -0.048766088 -0.798273385 -55.273864746 0.009693609 0.998509645 -0.053708617 -6.110909462 0.799702823 0.024504090 0.599895775 84.986785889
0.590975761 -0.050292164 -0.805119991 -56.275028229 0.009397736 0.998416245 -0.055468343 -6.188759327 0.806634545 0.025214145 0.590512455 85.700592041
0.581112444 -0.052312162 -0.812140226 -57.281055450 0.009694643 0.998306096 -0.057366792 -6.270917416 0.813765526 0.025463140 0.580635250 86.410980225
0.571300685 -0.054155521 -0.818952203 -58.307643890 0.010257833 0.998214006 -0.058853846 -6.348337650 0.820676684 0.025222568 0.570835829 87.123832703
0.560815573 -0.054557718 -0.826141238 -59.335453033 0.012942711 0.998282254 -0.057139792 -6.439177513 0.827839494 0.021352379 0.560558379 87.835441589
0.550984859 -0.054834034 -0.832711816 -60.368515015 0.014234001 0.998311162 -0.056320474 -6.517229080 0.834393859 0.019178901 0.550834894 88.501510620
0.541007698 -0.055635002 -0.839175463 -61.426605225 0.014628635 0.998281121 -0.056752335 -6.599646091 0.840890467 0.018427458 0.540891528 89.171684265
0.530498683 -0.056823481 -0.845779121 -62.501449585 0.014276997 0.998208046 -0.058109414 -6.684076786 0.847565591 0.018751781 0.530359268 89.842483521
0.520255804 -0.057270143 -0.852088034 -63.564456940 0.012922537 0.998162627 -0.059197985 -6.767279148 0.853912711 0.019786952 0.520039976 90.491958618
0.510395050 -0.058287971 -0.857962370 -64.648361206 0.012429180 0.998096049 -0.060414303 -6.856561661 0.859850287 0.020171391 0.510147691 91.131088257
0.500562310 -0.058106869 -0.863748133 -65.734664917 0.011204975 0.998096228 -0.060651291 -6.945895195 0.865627944 0.020681486 0.500260532 91.758216858
0.492272139 -0.055953287 -0.868641078 -66.860366821 0.009892561 0.998227000 -0.058694255 -7.029314041 0.870385110 0.020300465 0.491952896 92.383880615
0.483983755 -0.054571036 -0.873373747 -67.968673706 0.010326222 0.998340309 -0.056657005 -7.112688065 0.875016034 0.018402416 0.483743995 93.004272461
0.476467848 -0.054573003 -0.877496541 -69.081695557 0.010038868 0.998344302 -0.056637771 -7.201787472 0.879134595 0.018177006 0.476226777 93.601356506
0.468650758 -0.057578221 -0.881505072 -70.185394287 0.011723251 0.998191059 -0.058967277 -7.285528660 0.883305728 0.017300952 0.468477994 94.193580627
0.461763293 -0.060639914 -0.884927869 -71.316955566 0.014532350 0.998043656 -0.060808092 -7.379728317 0.886884093 0.015218860 0.461741149 94.778663635
0.455561697 -0.063792638 -0.887915552 -72.445274353 0.016013542 0.997854948 -0.063475229 -7.476127625 0.890060186 0.014698203 0.455606014 95.357994080
0.450003207 -0.067333750 -0.890484810 -73.590469360 0.018156793 0.997637212 -0.066260569 -7.575176239 0.892842352 0.013649114 0.450162500 95.939300537
0.445118129 -0.068315744 -0.892862141 -74.728187561 0.021047127 0.997608483 -0.065837599 -7.676309586 0.895224512 0.010513324 0.445491344 96.507209778
0.440915048 -0.065665759 -0.895143569 -75.874076843 0.022706097 0.997817039 -0.062013466 -7.775904179 0.897261620 0.007017456 0.441443503 97.071510315
0.436853677 -0.063921720 -0.897258580 -77.020080566 0.025971433 0.997952461 -0.058450401 -7.873261452 0.899157584 0.002231180 0.437619299 97.632255554
0.433604151 -0.063356377 -0.898873329 -78.151596069 0.026939612 0.997990727 -0.057347290 -7.959181309 0.900700688 0.000650725 0.434439719 98.182273865
0.430960834 -0.063461982 -0.900136292 -79.284439087 0.028637646 0.997983277 -0.056649532 -8.045413017 0.901916146 -0.001364053 0.431909144 98.716476440
0.428102672 -0.062042709 -0.901597917 -80.415931702 0.030228678 0.998065531 -0.054327667 -8.143984795 0.903224409 -0.003996291 0.429149985 99.257179260
0.426048875 -0.061494041 -0.902607799 -81.556854248 0.032305695 0.998085082 -0.052749909 -8.224000931 0.904123187 -0.006685325 0.427219570 99.784515381
0.423581392 -0.062760070 -0.903681338 -82.688758850 0.034787484 0.997988224 -0.053003721 -8.304395676 0.905189812 -0.008985404 0.424912512 100.321517944
0.421406090 -0.062874451 -0.904689789 -83.786483765 0.036624890 0.997959733 -0.052296616 -8.387820244 0.906132102 -0.011096048 0.422849208 100.833435059
0.418960959 -0.062069561 -0.905880153 -84.889236450 0.039888941 0.997955799 -0.049930181 -8.466341019 0.907127559 -0.015215806 0.420580506 101.355545044
0.416879743 -0.061763998 -0.906860769 -86.013748169 0.042195901 0.997928083 -0.048569106 -8.543256760 0.907981634 -0.018018331 0.418622196 101.865768433
0.415466309 -0.063644178 -0.907379329 -87.107810974 0.044259142 0.997782052 -0.049719937 -8.613685608 0.908531129 -0.019502869 0.417361706 102.362503052
0.413539171 -0.064564638 -0.908194244 -88.184783936 0.046284746 0.997683704 -0.049851142 -8.701197624 0.909309268 -0.021420144 0.415569574 102.865447998
0.413046598 -0.065339267 -0.908362985 -89.249275208 0.045800537 0.997651100 -0.050935633 -8.783405304 0.909557462 -0.020564713 0.415069044 103.344596863
0.413267344 -0.066186272 -0.908201218 -90.298767090 0.045502529 0.997610152 -0.051996615 -8.862825394 0.909472167 -0.019836940 0.415291309 103.834274292
0.415612042 -0.066122144 -0.907135308 -91.331405640 0.043563198 0.997656465 -0.052761473 -8.943283081 0.908498108 -0.017589407 0.417518586 104.303283691
0.419873476 -0.066243522 -0.905161858 -92.366836548 0.041339464 0.997693419 -0.053839423 -9.022310257 0.906640708 -0.014813153 0.421643466 104.782119751
0.424941152 -0.066476084 -0.902776837 -93.401237488 0.039973885 0.997705042 -0.054650247 -9.108049393 0.904337943 -0.012864361 0.426623225 105.260017395
0.430826366 -0.066349283 -0.899992406 -94.416183472 0.039337404 0.997726381 -0.054723609 -9.189339638 0.901577055 -0.011826999 0.432456791 105.744499207
0.437496543 -0.065611385 -0.896823227 -95.421646118 0.038119722 0.997791171 -0.054402262 -9.259907722 0.898411810 -0.010385858 0.439031243 106.237281799
0.445904553 -0.063719191 -0.892809629 -96.429573059 0.037132040 0.997921109 -0.052675702 -9.342709541 0.894309938 -0.009663509 0.447343558 106.727180481
0.454546958 -0.063210398 -0.888477087 -97.396560669 0.036556814 0.997962236 -0.052297123 -9.420171738 0.889972270 -0.008708389 0.455931485 107.221054077
0.464118928 -0.063137025 -0.883519828 -98.381645203 0.035583220 0.997980177 -0.052624330 -9.487770081 0.885057926 -0.007014528 0.465428174 107.730781555
0.473720014 -0.063095495 -0.878412366 -99.357017517 0.034185704 0.997995973 -0.053249005 -9.572357178 0.880011797 -0.004804024 0.474927574 108.255325317
0.483753592 -0.064719379 -0.872808039 -100.313316345 0.033125080 0.997901499 -0.055635598 -9.647676468 0.874577165 -0.001997915 0.484882206 108.791168213
0.495445430 -0.065921567 -0.866134048 -101.269264221 0.031258836 0.997823298 -0.058063801 -9.719337463 0.868076444 0.001693108 0.496427655 109.329132080
0.507540882 -0.064222381 -0.859230876 -102.210647583 0.029183917 0.997927487 -0.057350412 -9.797152519 0.861133277 0.004031961 0.508363307 109.883819580
0.520424008 -0.061772469 -0.851670742 -103.148132324 0.027767910 0.998076797 -0.055423506 -9.869943619 0.853456438 0.005194602 0.521138370 110.442451477
0.532974422 -0.059579633 -0.844031096 -104.065940857 0.027930720 0.998213053 -0.052826021 -9.951560020 0.845670223 0.004580521 0.533686101 111.012519836
0.545245230 -0.059363298 -0.836171985 -104.984443665 0.028303484 0.998224318 -0.052412122 -10.019903183 0.837798655 0.004910883 0.545957208 111.594810486
0.556621671 -0.058685910 -0.828690588 -105.875114441 0.027931651 0.998259902 -0.051933032 -10.104730606 0.830296397 0.005760354 0.557292283 112.197311401
0.567718208 -0.060670853 -0.820984185 -106.740806580 0.028942205 0.998134971 -0.053748511 -10.173990250 0.822714031 0.006752920 0.568415344 112.784736633
0.578560829 -0.062511757 -0.813240230 -107.593200684 0.031512424 0.998027384 -0.054297116 -10.246870995 0.815030336 0.005787014 0.579389453 113.392982483
0.589740694 -0.062155161 -0.805197179 -108.453590393 0.031798378 0.998047888 -0.053752068 -10.327486992 0.806966484 0.006095818 0.590565801 114.017265320
0.600270033 -0.059174147 -0.797605395 -109.286056519 0.029992800 0.998223245 -0.051485650 -10.399286270 0.799234867 0.006982873 0.600978255 114.635459900
0.610539317 -0.056173567 -0.789991379 -110.100013733 0.029877273 0.998405159 -0.047902707 -10.466743469 0.791422248 0.005643696 0.611243784 115.259887695
0.620871842 -0.055395290 -0.781952381 -110.899719238 0.029327348 0.998443246 -0.047446020 -10.527847290 0.783363342 0.006525307 0.621529818 115.880775452
0.631134272 -0.054488506 -0.773757339 -111.684150696 0.027652921 0.998476088 -0.047757555 -10.606514931 0.775180399 0.008744777 0.631679296 116.504119873
0.640858591 -0.054105788 -0.765749872 -112.451339722 0.026090525 0.998471916 -0.048714045 -10.668882370 0.767215431 0.011239996 0.641290963 117.134941101
0.650243580 -0.053813871 -0.757817507 -113.213294983 0.025843732 0.998477638 -0.048728384 -10.727661133 0.759286046 0.012100488 0.650644422 117.776374817
0.659048617 -0.051056609 -0.750365376 -113.946708679 0.024750268 0.998625040 -0.046210535 -10.799704552 0.751693010 0.011883251 0.659406126 118.427444458
0.667813063 -0.049366768 -0.742690146 -114.672943115 0.025051797 0.998723507 -0.043859258 -10.859240532 0.743907452 0.010684059 0.668197393 119.078338623
0.676082551 -0.048848778 -0.735204935 -115.381729126 0.025636092 0.998755336 -0.042785168 -10.925967216 0.736379921 0.010078524 0.676493287 119.726737976
0.683918715 -0.048178848 -0.727965653 -116.082489014 0.024656424 0.998773456 -0.042937145 -10.977679253 0.729141474 0.011416490 0.684267819 120.371383667
0.691404879 -0.047231648 -0.720921993 -116.770591736 0.024260249 0.998815775 -0.042171076 -11.033939362 0.722060144 0.011667542 0.691732049 121.028259277
0.698642552 -0.044993103 -0.714054763 -117.452232361 0.023577021 0.998926401 -0.039874937 -11.078071594 0.715082347 0.011023042 0.698953450 121.692230225
0.706081092 -0.042028446 -0.706882656 -118.121963501 0.022562649 0.999065578 -0.036863416 -11.139500618 0.707771480 0.010079419 0.706369579 122.342590332
0.713711917 -0.040532306 -0.699265599 -118.771461487 0.021750009 0.999125361 -0.035714056 -11.191792488 0.700101674 0.010280513 0.713969171 122.999465942
0.721019924 -0.039715841 -0.691775203 -119.400329590 0.020934775 0.999148846 -0.035542823 -11.235693932 0.692598045 0.011144928 0.721237659 123.650253296
0.729206860 -0.036933631 -0.683295906 -120.022918701 0.018490540 0.999241233 -0.034278240 -11.279352188 0.684043527 0.012361418 0.729336500 124.304756165
0.738131166 -0.033952728 -0.673802257 -120.626396179 0.017516037 0.999360621 -0.031169219 -11.327821732 0.674429655 0.011204625 0.738254011 124.956481934
0.747604907 -0.029982509 -0.663466573 -121.210922241 0.015512845 0.999496281 -0.027687788 -11.370378494 0.663962483 0.010407276 0.747693479 125.610801697
0.757674932 -0.027742459 -0.652042210 -121.789131165 0.013603795 0.999550402 -0.026720248 -11.414649963 0.652490199 0.011375013 0.757711768 126.271858215
0.767537713 -0.026707415 -0.640447199 -122.338684082 0.011938009 0.999553978 -0.027375603 -11.451412201 0.640892625 0.013366140 0.767514050 126.929229736
0.777540028 -0.027966401 -0.628211260 -122.886169434 0.012159826 0.999492466 -0.029444639 -11.485463142 0.628715873 0.015255445 0.777485430 127.596504211
0.787569225 -0.026992958 -0.615634680 -123.414886475 0.011751723 0.999516308 -0.028790789 -11.524917603 0.616114020 0.015439977 0.787505567 128.271057129
0.797636390 -0.025575999 -0.602596045 -123.929023743 0.011531385 0.999564588 -0.027160838 -11.558341980 0.603028417 0.014715701 0.797583938 128.957855225
0.807660460 -0.023237910 -0.589189768 -124.432380676 0.011176025 0.999646902 -0.024106450 -11.594886780 0.589541972 0.012885023 0.807634950 129.646759033
0.817389548 -0.021715898 -0.575675845 -124.920486450 0.011312752 0.999701619 -0.021648452 -11.629199028 0.575974345 0.011182738 0.817391336 130.331756592
0.826458931 -0.020362632 -0.562628686 -125.396606445 0.011930480 0.999754667 -0.018658107 -11.659667015 0.562870741 0.008707728 0.826499164 131.039978027
0.834688604 -0.019350480 -0.550382137 -125.864250183 0.012335873 0.999788702 -0.016442724 -11.692968369 0.550584018 0.006935111 0.834750950 131.740356445
0.841968417 -0.020056587 -0.539153874 -126.324966431 0.014240964 0.999786794 -0.014952821 -11.716927528 0.539338827 0.004911732 0.842074513 132.461929321
0.848519146 -0.019482138 -0.528806031 -126.765144348 0.013971351 0.999798477 -0.014415983 -11.742177010 0.528980255 0.004844102 0.848620296 133.178115845
0.855238020 -0.018577587 -0.517902374 -127.212562561 0.013000341 0.999811769 -0.014395970 -11.769602776 0.518072367 0.005579074 0.855318606 133.908416748
0.861904800 -0.016576236 -0.506799221 -127.647491455 0.011474448 0.999847174 -0.013188303 -11.795248032 0.506940365 0.005551821 0.861963272 134.642715454
0.868209720 -0.015504827 -0.495955110 -128.076416016 0.010566531 0.999862671 -0.012760703 -11.816743851 0.496084899 0.005838443 0.868254364 135.391677856
0.874163687 -0.016110780 -0.485364050 -128.496276855 0.011254129 0.999853194 -0.012919098 -11.839742661 0.485500991 0.005831057 0.874216676 136.140884399
0.879016817 -0.017375417 -0.476473898 -128.902633667 0.012209306 0.999828279 -0.013936224 -11.860331535 0.476634264 0.006432760 0.879078150 136.906570435
0.883575439 -0.017695924 -0.467954308 -129.312911987 0.012496051 0.999821007 -0.014214098 -11.884889603 0.468122065 0.006711647 0.883638263 137.670715332
0.887100101 -0.017066490 -0.461261421 -129.719253540 0.012176619 0.999833763 -0.013575319 -11.900393486 0.461416453 0.006426062 0.887160361 138.451950073
0.890126467 -0.015144267 -0.455461890 -130.113464355 0.011845626 0.999878824 -0.010095968 -11.920965195 0.455559611 0.003591456 0.890198052 139.230590820
0.893148363 -0.011396510 -0.449617833 -130.516128540 0.009724260 0.999934554 -0.006028581 -11.933807373 0.449657112 0.001012215 0.893200696 140.036605835
0.896524131 -0.008497707 -0.442913353 -130.923858643 0.007987903 0.999963462 -0.003016504 -11.955147743 0.442922860 -0.000833581 0.896559298 140.843475342
0.899847209 -0.005727032 -0.436167628 -131.329177856 0.005970073 0.999981821 -0.000813387 -11.965193748 0.436164349 -0.001872029 0.899865031 141.667526245
0.903094232 -0.004180321 -0.429422140 -131.730590820 0.005378469 0.999984324 0.001576559 -11.973573685 0.429408818 -0.003733415 0.903102517 142.504043579
0.906475425 -0.002743411 -0.422249466 -132.143676758 0.005009498 0.999978364 0.004257285 -11.977319717 0.422228664 -0.005974382 0.906469584 143.367752075
0.909947753 -0.003099869 -0.414711177 -132.539413452 0.006173285 0.999962509 0.006070767 -11.981326103 0.414676785 -0.008084211 0.909932852 144.233108521
0.913442612 -0.003099086 -0.406955540 -132.930755615 0.006603543 0.999952197 0.007207228 -11.988841057 0.406913728 -0.009270738 0.913419485 145.122619629
0.917119801 -0.003782285 -0.398593605 -133.326034546 0.007234513 0.999948144 0.007157233 -11.990194321 0.398545861 -0.009447669 0.917099714 146.017852783
0.920959592 -0.006460914 -0.389604539 -133.713241577 0.009773390 0.999930978 0.006520534 -11.988940239 0.389535517 -0.009812907 0.920959115 146.935989380
0.924943566 -0.007786221 -0.380024821 -134.092651367 0.010629497 0.999929011 0.005383902 -11.993313789 0.379955888 -0.009019277 0.924960613 147.865707397
0.929348648 -0.008504880 -0.369105428 -134.459838867 0.010603464 0.999937117 0.003657411 -12.001735687 0.369051039 -0.007312805 0.929380357 148.799926758
0.934601367 -0.006592205 -0.355635911 -134.832748413 0.008144332 0.999962807 0.002867386 -12.001297951 0.355603725 -0.005576280 0.934620142 149.770782471
0.940607011 -0.003126899 -0.339483291 -135.192184448 0.004794058 0.999980211 0.004072327 -12.005616188 0.339463830 -0.005457961 0.940603256 150.747085571
0.946950376 0.000757290 -0.321379036 -135.527816772 0.001706544 0.999971271 0.007384677 -12.019499779 0.321375370 -0.007541370 0.946922004 151.727157593
0.953521788 0.003961071 -0.301297992 -135.861526489 -0.001262710 0.999957323 0.009150011 -12.020331383 0.301321387 -0.008344283 0.953486204 152.749557495
0.959970593 0.005283403 -0.280050963 -136.169799805 -0.002699003 0.999950171 0.009613164 -12.017483711 0.280087799 -0.008472497 0.959936917 153.775009155
0.965990424 0.006651285 -0.258492291 -136.460952759 -0.003935087 0.999931455 0.011023819 -12.012805939 0.258547962 -0.009631714 0.965950429 154.833023071
0.971519291 0.007056898 -0.236855611 -136.726623535 -0.003930192 0.999898911 0.013670473 -12.007007599 0.236928135 -0.012350238 0.971448720 155.908264160
0.976622760 0.010050437 -0.214725152 -136.977264404 -0.006426079 0.999825001 0.017570475 -12.009234428 0.214864135 -0.015779888 0.976516426 156.989288330
0.981260955 0.012349178 -0.192286953 -137.200851440 -0.008318823 0.999728858 0.021753382 -12.000935555 0.192503422 -0.019746147 0.981097579 158.088211060
0.985404611 0.014241960 -0.169631854 -137.419815063 -0.010124898 0.999633372 0.025110971 -11.989251137 0.169927299 -0.023026964 0.985187531 159.238113403
0.988966286 0.015975466 -0.147277132 -137.599166870 -0.012427540 0.999610722 0.024978982 -11.972153664 0.147618860 -0.022873078 0.988779843 160.388748169
0.991952956 0.015164271 -0.125695869 -137.739547729 -0.012403886 0.999665022 0.022714518 -11.955490112 0.125998214 -0.020972613 0.991808772 161.540100098
0.994434536 0.015931465 -0.104144327 -137.887084961 -0.013717437 0.999665141 0.021941038 -11.941678047 0.104458995 -0.020390337 0.994320154 162.711547852
0.996361434 0.014753607 -0.083940454 -137.983734131 -0.012794326 0.999634027 0.023831582 -11.926583290 0.084261321 -0.022670908 0.996185780 163.902816772
0.997860491 0.015367429 -0.063547134 -138.077835083 -0.013765878 0.999578416 0.025564086 -11.912887573 0.063913196 -0.024634607 0.997651339 165.107650757
0.998940766 0.015868129 -0.043191023 -138.139282227 -0.014738748 0.999544263 0.026342556 -11.892415047 0.043589346 -0.025678068 0.998719513 166.330047607
0.999584615 0.017708888 -0.022736024 -138.173492432 -0.017094225 0.999490619 0.026950398 -11.876042366 0.023201702 -0.026550550 0.999378204 167.557388306
0.999834716 0.018076763 -0.001946387 -138.189437866 -0.018016195 0.999456644 0.027601123 -11.853863716 0.002444268 -0.027561491 0.999617100 168.798873901
0.999616861 0.020510238 0.018588742 -138.178421021 -0.021010835 0.999410629 0.027147489 -11.834481239 -0.018020982 -0.027527649 0.999458611 170.061416626
0.999016106 0.021623811 0.038719054 -138.144500732 -0.022632034 0.999411047 0.025793340 -11.813342094 -0.038138505 -0.026644254 0.998917162 171.333938599
0.998066306 0.021738810 0.058233295 -138.077178955 -0.023135360 0.999458075 0.023416040 -11.793719292 -0.057692703 -0.024718011 0.998028278 172.627029419
0.996736109 0.023981489 0.077084847 -137.986160278 -0.025651416 0.999455571 0.020746626 -11.777331352 -0.076545350 -0.022656247 0.996808648 173.920623779
0.995063543 0.024116203 0.096264116 -137.872253418 -0.026062880 0.999479413 0.019016191 -11.766950607 -0.095755398 -0.021431243 0.995174170 175.220336914
0.993053198 0.024397664 0.115109265 -137.727310181 -0.026405852 0.999523997 0.015953245 -11.758406639 -0.114665262 -0.018881978 0.993224740 176.535629272
0.990694284 0.025325710 0.133728638 -137.561874390 -0.026978707 0.999580145 0.010562975 -11.752058029 -0.133404970 -0.014072509 0.990961671 177.843002319
0.988086581 0.027032388 0.151506245 -137.367935181 -0.027953111 0.999601424 0.003950168 -11.757068634 -0.151339084 -0.008138179 0.988448381 179.163711548
0.985199690 0.029154543 0.168913752 -137.152084351 -0.029383037 0.999567509 -0.001147224 -11.765455246 -0.168874159 -0.003832955 0.985630095 180.482711792
0.981983781 0.031542644 0.186313972 -136.908050537 -0.031087559 0.999502182 -0.005364444 -11.781929016 -0.186390445 -0.000524248 0.982475638 181.827667236
0.978356659 0.033527147 0.204191580 -136.643844604 -0.032555208 0.999436975 -0.008118142 -11.807295799 -0.204348803 0.001294937 0.978897274 183.164199829
0.974622071 0.032953385 0.221418560 -136.343994141 -0.031986620 0.999456644 -0.007951524 -11.832546234 -0.221560314 0.000667298 0.975146472 184.523620605
0.970594049 0.032107171 0.238571376 -136.022964478 -0.030897705 0.999483764 -0.008808543 -11.854871750 -0.238731056 0.001178213 0.971085012 185.876815796
0.966167092 0.032333501 0.255881995 -135.682708740 -0.029723756 0.999459326 -0.014060762 -11.884841919 -0.256198227 0.005979273 0.966605783 187.233078003
0.961730897 0.034112994 0.271863818 -135.289978027 -0.030235086 0.999372602 -0.018441511 -11.911494255 -0.272322357 0.009515947 0.962159038 188.603195190
0.956837535 0.036060221 0.288377523 -134.884628296 -0.032130182 0.999315143 -0.018351521 -11.952458382 -0.288841754 0.008293803 0.957340896 189.979537964
0.951307535 0.038242735 0.305861652 -134.459259033 -0.034086760 0.999239743 -0.018919230 -12.001085281 -0.306352615 0.007572173 0.951887965 191.355438232
0.945345521 0.041948345 0.323360682 -134.010177612 -0.036867876 0.999081790 -0.021823764 -12.046833992 -0.323979259 0.008709377 0.946024120 192.741775513
0.939285874 0.042209979 0.340529591 -133.524688721 -0.035454724 0.999032021 -0.026038852 -12.097603798 -0.341299057 0.012384543 0.939873159 194.114883423
0.932908237 0.043380067 0.357491791 -133.016662598 -0.035588305 0.998964369 -0.028348967 -12.150986671 -0.358351350 0.013724459 0.933485925 195.481887817
0.926088035 0.044122044 0.374718636 -132.480056763 -0.033960257 0.998855472 -0.033682205 -12.214960098 -0.375775784 0.018467151 0.926526546 196.844772339
0.918012977 0.046887197 0.393768698 -131.920150757 -0.034075711 0.998639584 -0.039468531 -12.292019844 -0.395083636 0.022814671 0.918361843 198.218307495
0.908423185 0.051038150 0.414924622 -131.324264526 -0.036372446 0.998405099 -0.043176938 -12.363152504 -0.416466534 0.024131114 0.908830762 199.585647583
0.897017717 0.053584989 0.438734353 -130.711120605 -0.037888352 0.998292446 -0.044461876 -12.450975418 -0.440367699 0.023260169 0.897516191 200.920074463
