1.000000000 0.000000000 0.000000000 0.000000000 0.000000000 1.000000000 0.000000000 0.000000000 0.000000000 0.000000000 1.000000000 0.000000000
0.999933958 -0.002423462 0.011235321 0.015481054 0.002412234 0.999996603 0.001012827 -0.003594453 -0.011237737 -0.000985658 0.999936342 0.294984102
0.999827445 -0.004561217 0.018009327 0.024542538 0.004541130 0.999989033 0.001156113 -0.007965647 -0.018014403 -0.001074131 0.999837160 0.583136439
0.999777436 -0.007430358 0.019744787 0.039511934 0.007433944 0.999972343 -0.000108233 -0.010887961 -0.019743437 0.000254991 0.999805033 0.887838840
0.999814510 -0.008707826 0.017178204 0.050275430 0.008740191 0.999960184 -0.001809896 -0.009495323 -0.017161759 0.001959701 0.999850810 1.205254674
0.999880314 -0.011582322 0.010254228 0.054772537 0.011613389 0.999928117 -0.002975220 -0.016246822 -0.010219031 0.003093950 0.999943018 1.517076492
0.999912024 -0.013090888 -0.002159469 0.056379996 0.013079042 0.999899864 -0.005411363 -0.011632944 0.002230093 0.005382643 0.999983072 1.853540540
0.999743402 -0.012352004 -0.018986160 0.041211974 0.012242515 0.999907792 -0.005872193 -0.013634924 0.019056944 0.005638249 0.999802530 2.189757824
0.999236405 -0.007580014 -0.038331311 0.002347735 0.007370321 0.999957144 -0.005608902 -0.021213625 0.038372181 0.005322104 0.999249399 2.536381960
0.998282790 -0.004272893 -0.058423582 -0.030613625 0.003872467 0.999968231 -0.006965352 -0.024121072 0.058451496 0.006727147 0.998267591 2.885501862
0.996874809 -0.004016337 -0.078896128 -0.069942266 0.003438995 0.999966264 -0.007452273 -0.027219346 0.078923404 0.007157659 0.996854961 3.249331474
0.994949043 -0.005484513 -0.100231878 -0.115916684 0.004785211 0.999962509 -0.007215944 -0.026088061 0.100267693 0.006699864 0.994937956 3.625138521
0.992811024 -0.007274072 -0.119471379 -0.178603783 0.006588610 0.999959528 -0.006131443 -0.037502743 0.119511142 0.005300215 0.992818713 4.010622025
0.990500510 -0.005949349 -0.137380347 -0.249871865 0.005202720 0.999969780 -0.005793201 -0.039779652 0.137410656 0.005023418 0.990501404 4.409062862
0.988114417 -0.004887243 -0.153642818 -0.319278240 0.004122658 0.999977529 -0.005294587 -0.045331035 0.153665230 0.004598242 0.988112271 4.816694736
0.986039698 -0.003834802 -0.166466117 -0.410794944 0.003062448 0.999983370 -0.004896143 -0.057041779 0.166482121 0.004317999 0.986034930 5.221322536
0.983894467 -0.005515107 -0.178665012 -0.498861760 0.004529047 0.999972224 -0.005926449 -0.062200766 0.178692698 0.005021819 0.983892083 5.653756618
0.981995702 -0.009614983 -0.188658193 -0.585460842 0.008208853 0.999932349 -0.008233271 -0.068139307 0.188724577 0.006536369 0.982008278 6.103462696
0.980435610 -0.008486114 -0.196656957 -0.681431293 0.006616906 0.999926507 -0.010160024 -0.075606212 0.196728706 0.008659989 0.980419636 6.564155579
0.978945374 -0.008309096 -0.203952923 -0.791180789 0.006007256 0.999911070 -0.011902669 -0.082153410 0.204033703 0.010426866 0.978908360 7.028018951
0.977221668 -0.009186579 -0.212021768 -0.903056920 0.006138526 0.999868214 -0.015029914 -0.089166120 0.212131888 0.013386057 0.977149367 7.510402203
0.975461841 -0.013062311 -0.219780430 -1.018191218 0.009625308 0.999814212 -0.016701957 -0.100506082 0.219957784 0.014176668 0.975406408 8.006106377
0.973528683 -0.019374968 -0.227742076 -1.134680271 0.015623396 0.999711096 -0.018264288 -0.111030333 0.228030160 0.014222705 0.973550200 8.522131920
0.971418321 -0.020219512 -0.236511350 -1.252137780 0.015946200 0.999673605 -0.019967260 -0.133242115 0.236837849 0.015625108 0.971423566 9.014923096
0.969298065 -0.016201427 -0.245354548 -1.402823687 0.010445766 0.999639332 -0.024741856 -0.140117899 0.245666906 0.021419317 0.969117641 9.543584824
0.967087388 -0.013097167 -0.254107267 -1.559094191 0.006281966 0.999598920 -0.027613182 -0.159331337 0.254366994 0.025108067 0.966781855 10.088393211
0.964708388 -0.015842186 -0.262843609 -1.713512301 0.008280253 0.999520063 -0.029852560 -0.173140690 0.263190359 0.026622606 0.964376509 10.659137726
0.962437332 -0.018895410 -0.270846069 -1.872587562 0.010785063 0.999448657 -0.031401761 -0.199879766 0.271290123 0.027301140 0.962110400 11.203087807
0.960199237 -0.018567467 -0.278698355 -2.048007011 0.009497404 0.999381483 -0.033859488 -0.221217707 0.279154658 0.029864943 0.959781706 11.777181625
0.957982361 -0.017365523 -0.286300957 -2.244599581 0.006940785 0.999276757 -0.037386585 -0.250181466 0.286743134 0.033828538 0.957410038 12.368441582
0.955483079 -0.018596858 -0.294459254 -2.422588110 0.006336986 0.999074876 -0.042534824 -0.279020578 0.294977844 0.038775310 0.954717040 12.956731796
0.953675807 -0.020349732 -0.300147086 -2.620450974 0.005596568 0.998736918 -0.049931247 -0.313302100 0.300784081 0.045938425 0.952585280 13.565318108
0.952338099 -0.020690225 -0.304342091 -2.828016758 0.002969095 0.998278618 -0.058575626 -0.347333670 0.305030107 0.054880176 0.950760186 14.178494453
0.951200902 -0.020895198 -0.307863861 -3.040991068 0.000339633 0.997774959 -0.066671178 -0.391352803 0.308572024 0.063313119 0.949091554 14.791044235
0.949839175 -0.020457061 -0.312068880 -3.263188839 -0.003273178 0.997153342 -0.075328954 -0.443455815 0.312721550 0.072571844 0.947068453 15.431120872
0.948487282 -0.019977169 -0.316184789 -3.486184597 -0.006524623 0.996566653 -0.082537495 -0.494007528 0.316748112 0.080348745 0.945100367 16.064937592
0.946957767 -0.017753894 -0.320867389 -3.724177599 -0.011471281 0.995968938 -0.088962436 -0.553032398 0.321153373 0.087924421 0.942936778 16.709383011
0.945350409 -0.016917160 -0.325617313 -3.971343756 -0.014865456 0.995378494 -0.094872229 -0.617057860 0.325717449 0.094527923 0.940729797 17.379682541
0.943744302 -0.014824192 -0.330343962 -4.223461151 -0.019504869 0.994759738 -0.100362428 -0.691232681 0.330100656 0.101159774 0.938509583 18.056272507
0.941884637 -0.012410020 -0.335707247 -4.467464447 -0.023731789 0.994362712 -0.103342034 -0.760262787 0.335097283 0.105303206 0.936280429 18.721139908
0.940146625 -0.011265102 -0.340583980 -4.735622406 -0.026000634 0.994168580 -0.104655027 -0.839921892 0.339776874 0.107246451 0.934371352 19.423175812
0.937800169 -0.011469536 -0.346985996 -5.001975536 -0.026215298 0.994261265 -0.103717223 -0.921893239 0.346184373 0.106362373 0.932117760 20.125415802
0.935617268 -0.011191223 -0.352838755 -5.275430679 -0.026643584 0.994407892 -0.102190703 -1.002378702 0.352009296 0.105012268 0.930087030 20.821907043
0.933127820 -0.011609348 -0.359357536 -5.566405296 -0.026242012 0.994613767 -0.100273326 -1.084758520 0.358586043 0.102998085 0.927797079 21.541051865
0.929852068 -0.010351067 -0.367787927 -5.853385448 -0.027466504 0.994862139 -0.097441129 -1.163415909 0.366906881 0.100707680 0.924790323 22.262401581
0.926532745 -0.008578835 -0.376116425 -6.165538311 -0.027990159 0.995397270 -0.091655515 -1.242458224 0.375171572 0.095449388 0.922028005 23.001266479
0.923017561 -0.005067680 -0.384724408 -6.486728191 -0.030537285 0.995793998 -0.086380832 -1.323644996 0.383544028 0.091479443 0.918980718 23.745441437
0.919462085 -0.001164968 -0.393177092 -6.819046497 -0.034050923 0.996002436 -0.082580693 -1.398601413 0.391701579 0.089317836 0.915746868 24.489519119
0.915615976 0.000117323 -0.402053982 -7.168864727 -0.035599452 0.996095896 -0.080781579 -1.474458933 0.400474846 0.088277802 0.912045479 25.245525360
0.911617756 -0.000243712 -0.411039025 -7.513860703 -0.035877455 0.996136069 -0.080160998 -1.543881893 0.409470290 0.087823197 0.908086538 25.991018295
0.907642186 0.000070181 -0.419744879 -7.880118847 -0.036601681 0.996204078 -0.078979671 -1.614021182 0.418146014 0.087048642 0.904199302 26.766664505
0.903678834 0.000384676 -0.428210735 -8.267715454 -0.037085146 0.996312678 -0.077367991 -1.680953026 0.426602036 0.085796073 0.900360882 27.556053162
0.899880052 -0.000501100 -0.436137050 -8.634174347 -0.035650536 0.996568441 -0.074702635 -1.760865688 0.434677839 0.082771920 0.896774173 28.313730240
0.896146357 -0.000028507 -0.443758488 -9.034760475 -0.034914400 0.996895552 -0.070571788 -1.830800414 0.442382812 0.078736231 0.893363297 29.107517242
0.892333269 0.002676893 -0.451369196 -9.445977211 -0.035811979 0.997250021 -0.064884126 -1.897566438 0.449954242 0.074062698 0.889975250 29.895502090
0.888546765 0.002798855 -0.458777457 -9.870452881 -0.034391750 0.997574091 -0.060523078 -1.962506890 0.457495123 0.069555745 0.886487663 30.702016830
0.884859443 0.001909017 -0.465854168 -10.300422668 -0.033208862 0.997706115 -0.058989581 -2.021563530 0.464672923 0.067667969 0.882893085 31.505987167
0.881377339 0.001338199 -0.472410977 -10.747371674 -0.032587510 0.997786164 -0.057972096 -2.083194256 0.471287549 0.066490009 0.879469812 32.344951630
0.878266275 0.001801107 -0.478168458 -11.207015038 -0.032448161 0.997912288 -0.055839706 -2.143163681 0.477069616 0.064557828 0.876491308 33.174392700
0.875122011 -0.000561021 -0.483901888 -11.667769432 -0.029619131 0.998062193 -0.054722447 -2.194914818 0.482994914 0.062221568 0.873409629 34.007450104
0.872562170 -0.001284047 -0.488501430 -12.163167000 -0.029148811 0.998077869 -0.054689158 -2.257573843 0.487632722 0.061958924 0.870847583 34.854122162
0.870191634 -0.003150614 -0.492703348 -12.621256828 -0.027591025 0.998098850 -0.055112481 -2.314738035 0.491940260 0.061552610 0.868450284 35.698909760
0.868869483 -0.002775287 -0.495033562 -13.124471664 -0.028407559 0.998057008 -0.055455554 -2.374386549 0.494225532 0.062246334 0.867102325 36.564388275
0.868344188 -0.002581216 -0.495955229 -13.622499466 -0.028327793 0.998095810 -0.054792404 -2.432799578 0.495152265 0.061627988 0.866617680 37.420059204
0.868086755 -0.002349006 -0.496406913 -14.127852440 -0.027729651 0.998197913 -0.053215452 -2.492739201 0.495637357 0.059960824 0.866457283 38.304546356
0.867920518 -0.003617025 -0.496689856 -14.655408859 -0.025902778 0.998283207 -0.052532520 -2.556724548 0.496027231 0.058459703 0.866336763 39.188884735
0.867263973 -0.005799395 -0.497814745 -15.177537918 -0.023868164 0.998297930 -0.053211611 -2.618880272 0.497276098 0.058030438 0.865649402 40.094226837
0.866083980 -0.008401336 -0.499827862 -15.709839821 -0.021153994 0.998347163 -0.053435571 -2.684772015 0.499450743 0.056853052 0.864474714 41.007148743
0.864439845 -0.008923073 -0.502656937 -16.253288269 -0.019777725 0.998464882 -0.051737133 -2.743242741 0.502346933 0.054665063 0.862936378 41.943073273
0.862470269 -0.007775654 -0.506048083 -16.797437668 -0.019131569 0.998666465 -0.047951363 -2.803357124 0.505746007 0.051038109 0.861171365 42.845603943
0.859600306 -0.007839449 -0.510906994 -17.346466064 -0.016956272 0.998893976 -0.043856114 -2.864782095 0.510685563 0.046361811 0.858516693 43.766239166
0.855675876 -0.008172189 -0.517447650 -17.917837143 -0.015626023 0.999011397 -0.041617587 -2.933250904 0.517276168 0.043696817 0.854702413 44.690914154
0.850487947 -0.011562128 -0.525867403 -18.485240936 -0.013778488 0.998925567 -0.044247165 -2.988701105 0.525814056 0.044877339 0.849414945 45.593872070
0.844356716 -0.015588719 -0.535554707 -19.052925110 -0.011787921 0.998794317 -0.047657382 -3.045733213 0.535651863 0.046552911 0.843154848 46.493270874
0.838243127 -0.014903018 -0.545092881 -19.644763947 -0.012682049 0.998823225 -0.046810593 -3.110147238 0.545149028 0.046151552 0.837067783 47.396560669
0.832394600 -0.011432310 -0.554065287 -20.246898651 -0.013962496 0.999037206 -0.041590065 -3.168921947 0.554007292 0.042355489 0.831433594 48.285655975
0.827353299 -0.006413162 -0.561645269 -20.869741440 -0.017602995 0.999147594 -0.037339572 -3.223603010 0.561405957 0.040779658 0.826535106 49.167812347
0.823314130 -0.006423701 -0.567549586 -21.482614517 -0.018932125 0.999068677 -0.038771596 -3.277793407 0.567270100 0.042666122 0.822425723 50.039272308
0.819670022 -0.009015200 -0.572765052 -22.101211548 -0.018883424 0.998907506 -0.042746201 -3.339694500 0.572524667 0.045853537 0.818604231 50.928077698
0.816700101 -0.010780665 -0.576961696 -22.714576721 -0.022062171 0.998511195 -0.049886834 -3.397173166 0.576640427 0.053471606 0.815246344 51.784622192
0.813336134 -0.012483464 -0.581660271 -23.345279694 -0.021499150 0.998441994 -0.051490631 -3.459232569 0.581396699 0.054384388 0.811800599 52.665058136
0.810099602 -0.010515219 -0.586197913 -23.981960297 -0.021254836 0.998655200 -0.047287121 -3.525226116 0.585906744 0.050766822 0.808786750 53.522842407
0.807043672 -0.008207578 -0.590434611 -24.629804611 -0.020839592 0.998884559 -0.042370293 -3.581366062 0.590123773 0.046499092 0.805972576 54.394187927
0.803999841 -0.005515971 -0.594603896 -25.281154633 -0.022129133 0.998986781 -0.039189450 -3.641601562 0.594217598 0.044666380 0.803063154 55.262855530
0.800854683 -0.005858638 -0.598829985 -25.944375992 -0.022351112 0.998962998 -0.039664932 -3.698499680 0.598441482 0.045150366 0.799893260 56.137603760
0.797276795 -0.007288299 -0.603569925 -26.602809906 -0.022215046 0.998895347 -0.041406605 -3.752524376 0.603205025 0.046420861 0.796234131 57.001220703
0.793224037 -0.010222720 -0.608844101 -27.279678345 -0.021099679 0.998797178 -0.044259608 -3.811448812 0.608564198 0.047954205 0.792054236 57.881855011
0.788951993 -0.011261133 -0.614351690 -27.927556992 -0.020210272 0.998815417 -0.044262484 -3.871556997 0.614122391 0.047337182 0.787789881 58.692058563
0.784289420 -0.011287225 -0.620292425 -28.603967667 -0.019928051 0.998860180 -0.043372631 -3.930968761 0.620075047 0.046377916 0.783170581 59.539646149
0.779743493 -0.010670751 -0.626008272 -29.288099289 -0.020527774 0.998881400 -0.042595632 -3.988616943 0.625762522 0.046064213 0.778652251 60.358589172
0.774144113 -0.012952677 -0.632876813 -29.980840683 -0.018856294 0.998875082 -0.043508623 -4.052380085 0.632728398 0.045615666 0.773029089 61.216621399
0.768648207 -0.014421916 -0.639509082 -30.683563232 -0.018418575 0.998832285 -0.044663131 -4.110474110 0.639406562 0.046109080 0.767485082 62.056831360
0.762849271 -0.016104832 -0.646375716 -31.375669479 -0.016929513 0.998849511 -0.044867054 -4.177185059 0.646354616 0.045169625 0.761698961 62.882274628
0.757350564 -0.017657608 -0.652769566 -32.104583740 -0.016736271 0.998781145 -0.046434939 -4.232431412 0.652793765 0.046092462 0.756132066 63.707981110
0.751162469 -0.019584702 -0.659826696 -32.830493927 -0.015412496 0.998766959 -0.047190923 -4.297193527 0.659937382 0.045617633 0.749934435 64.535766602
0.744934201 -0.020672832 -0.666817546 -33.567432404 -0.014501613 0.998781860 -0.047164910 -4.361058235 0.666980326 0.044804681 0.743726909 65.357902527
0.738479793 -0.020568417 -0.673961699 -34.319381714 -0.013689934 0.998871207 -0.045484692 -4.423518181 0.674136460 0.042816021 0.737364709 66.181648254
0.732048929 -0.020874986 -0.680932105 -35.084774017 -0.013291482 0.998902559 -0.044912111 -4.483482361 0.681122303 0.041928459 0.730968058 67.000549316
0.725547671 -0.022843795 -0.687792540 -35.860183716 -0.011796256 0.998889148 -0.045620099 -4.550405502 0.688070774 0.041212931 0.724472344 67.804557800
0.718999922 -0.024871886 -0.694564939 -36.643405914 -0.011246606 0.998812258 -0.047409035 -4.610946178 0.694919169 0.041898590 0.717866242 68.612854004
0.712891519 -0.024137763 -0.700858772 -37.450527191 -0.012594100 0.998805702 -0.047209464 -4.674635410 0.701161087 0.042481910 0.711736083 69.423980713
0.707658887 -0.023602918 -0.706160009 -38.263870239 -0.012499714 0.998867214 -0.045912717 -4.739917278 0.706443667 0.041317333 0.706562221 70.224792480
0.702720523 -0.022769123 -0.711101472 -39.090396881 -0.014324667 0.998832345 -0.046137974 -4.810383797 0.711321652 0.042608399 0.701573849 71.028297424
0.698115408 -0.023494795 -0.715599656 -39.915950775 -0.014102953 0.998816371 -0.046551827 -4.882573605 0.715846360 0.042590618 0.696957648 71.815589905
0.692453980 -0.025488626 -0.721011698 -40.738273621 -0.014916684 0.998656273 -0.049629562 -4.945800781 0.721307814 0.045121290 0.691143334 72.610877991
0.687711239 -0.028357387 -0.725430131 -41.595153809 -0.013956900 0.998535752 -0.052264415 -5.012100220 0.725850165 0.046067588 0.686308622 73.392608643
0.682533801 -0.028953228 -0.730280280 -42.442016602 -0.014093134 0.998507798 -0.052759279 -5.082094669 0.730718195 0.046301927 0.681107283 74.178100586
0.677784383 -0.028289398 -0.734716296 -43.308513641 -0.014409661 0.998556554 -0.051741347 -5.151492596 0.735119522 0.045656484 0.676398456 74.966461182
0.672776699 -0.028339703 -0.739302635 -44.187728882 -0.014001193 0.998599470 -0.051020641 -5.221487045 0.739713132 0.044676617 0.671437681 75.754066467
0.667381942 -0.029488048 -0.744131386 -45.061298370 -0.013105751 0.998596013 -0.051325858 -5.295488834 0.744600177 0.044006355 0.666058600 76.542549133
0.662592113 -0.030750100 -0.748348951 -45.937751770 -0.012147380 0.998584270 -0.051787768 -5.363278389 0.748881876 0.043404639 0.661280513 77.313415527
0.658470690 -0.031103695 -0.751963198 -46.842018127 -0.011541476 0.998610795 -0.051412366 -5.439048290 0.752517879 0.042532306 0.657197118 78.087142944
0.654302299 -0.031727728 -0.755567193 -47.740097046 -0.010263382 0.998654842 -0.050823286 -5.516527653 0.756163478 0.041008472 0.653096676 78.863670349
0.650348067 -0.034742963 -0.758841395 -48.652019501 -0.007415236 0.998615563 -0.052075908 -5.590079784 0.759600163 0.039494451 0.649190128 79.640548706
0.646236241 -0.038945876 -0.762143016 -49.564186096 -0.005039997 0.998457253 -0.055295177 -5.662054539 0.763120830 0.039574936 0.645043075 80.401092529
0.641410291 -0.043540113 -0.765961468 -50.494167328 -0.000839977 0.998347819 -0.057453208 -5.731449127 0.767197490 0.037494469 0.640313983 81.185630798
0.634312868 -0.047024708 -0.771644950 -51.426181793 0.003844479 0.998327672 -0.057678703 -5.807564735 0.773066878 0.033619769 0.633432925 81.965194702
0.626347482 -0.050698455 -0.777893662 -52.358417511 0.008909789 0.998283386 -0.057888113 -5.894866943 0.779493213 0.029327206 0.625723958 82.704010010
0.617482781 -0.051449977 -0.784900010 -53.313972473 0.011584221 0.998345196 -0.056327906 -5.977276325 0.786499083 0.025689058 0.617056906 83.442848206
0.608716846 -0.049905106 -0.791816294 -54.279315948 0.012102854 0.998487711 -0.053626608 -6.058938026 0.793295085 0.023060182 0.608400285 84.178382874
0.599717081 -0.049891133 -0.798655272 -55.257820129 0.011458565 0.998487592 -0.053770106 -6.135163784 0.800130010 0.023095407 0.599381745 84.912338257
0.589978099 -0.051682480 -0.805763483 -56.259689331 0.011111285 0.998374522 -0.055901080 -6.208583355 0.807342708 0.024027340 0.589593291 85.632789612
0.580264628 -0.053526662 -0.812667012 -57.271968842 0.011219323 0.998268545 -0.057740502 -6.291625023 0.814350665 0.024387199 0.579860568 86.342636108
0.570719600 -0.055271901 -0.819282591 -58.300357819 0.011741422 0.998179317 -0.059161771 -6.370844364 0.821061075 0.024145244 0.570329607 87.049636841
0.560356140 -0.055428162 -0.826394975 -59.329128265 0.014589371 0.998263955 -0.057063144 -6.466938972 0.828123212 0.019919107 0.560192108 87.756675720
0.550179183 -0.055787139 -0.833181083 -60.371276855 0.015559657 0.998277545 -0.056566890 -6.541961670 0.834901690 0.018157909 0.550099552 88.434165955
0.540104985 -0.056444667 -0.839702725 -61.426155090 0.015823154 0.998253107 -0.056924798 -6.625837803 0.841448963 0.017458618 0.540054560 89.102035522
0.529351950 -0.057434291 -0.846456110 -62.503490448 0.015376199 0.998191595 -0.058114074 -6.712170124 0.848263085 0.017747521 0.529277742 89.777107239
0.519470036 -0.058152217 -0.852507472 -63.560737610 0.014454013 0.998136818 -0.059278585 -6.796072960 0.854366243 0.018471304 0.519342780 90.417587280
0.509724498 -0.059304953 -0.858291268 -64.641616821 0.013803600 0.998056710 -0.060764533 -6.883495808 0.860226870 0.019125668 0.509552598 91.052375793
0.500038028 -0.059352655 -0.863967061 -65.737731934 0.012705812 0.998044074 -0.061209705 -6.970268250 0.865910113 0.019629784 0.499814242 91.681884766
0.491294622 -0.056882437 -0.869134188 -66.865798950 0.011576792 0.998203516 -0.058785677 -7.063339710 0.870916545 0.018819295 0.491070509 92.315391541
0.483099103 -0.055652354 -0.873795271 -67.975318909 0.012053699 0.998306096 -0.056918316 -7.145159721 0.875482738 0.016964719 0.482951581 92.933151245
0.475498527 -0.055458792 -0.877966642 -69.084762573 0.011954613 0.998326123 -0.056587059 -7.237325191 0.879635394 0.016411312 0.475365520 93.528709412
0.467769265 -0.058715113 -0.881898224 -70.190017700 0.013901057 0.998156369 -0.059082076 -7.320412636 0.883741260 0.015377457 0.467723012 94.120124817
0.461036623 -0.061883379 -0.885220706 -71.323310852 0.016608771 0.997992456 -0.061116841 -7.412838936 0.887225628 0.013474672 0.461138844 94.703033447
0.454542875 -0.065069847 -0.888344944 -72.457824707 0.018335389 0.997800410 -0.063705534 -7.509553909 0.890536129 0.012668748 0.454736024 95.288192749
0.448972255 -0.068597093 -0.890908718 -73.602745056 0.020407051 0.997575998 -0.066526026 -7.609259129 0.893312573 0.011687525 0.449283808 95.867149353
0.444021285 -0.069552787 -0.893312752 -74.742034912 0.023723045 0.997545779 -0.065876774 -7.713615894 0.895702124 0.008058594 0.444581628 96.436950684
0.439751446 -0.067134388 -0.895606875 -75.889968872 0.025276644 0.997732460 -0.062378608 -7.809651852 0.897763729 0.004793150 0.440451264 97.002830505
0.435851455 -0.065045305 -0.897665024 -77.034553528 0.028802136 0.997882307 -0.058322523 -7.912761211 0.899557650 -0.000434710 0.436801881 97.558090210
0.432392895 -0.064681865 -0.899362385 -78.167411804 0.029943671 0.997903585 -0.057372700 -7.997213840 0.901188016 -0.002122659 0.433423281 98.109977722
0.429667473 -0.064614259 -0.900672495 -79.302505493 0.031616360 0.997901380 -0.056506839 -8.086174965 0.902433574 -0.004196832 0.430808693 98.645309448
0.427218139 -0.063245766 -0.901933849 -80.424720764 0.033298902 0.997974336 -0.054207698 -8.183549881 0.903535247 -0.006874899 0.428458720 99.174980164
0.424795061 -0.063264102 -0.903076351 -81.583679199 0.035347294 0.997953653 -0.053283744 -8.254801750 0.904599190 -0.009286630 0.426162004 99.712738037
0.422536999 -0.064397752 -0.904055059 -82.712829590 0.037693232 0.997858226 -0.053462498 -8.337429047 0.905561566 -0.011486869 0.424059451 100.244178772
0.419999003 -0.064742915 -0.905212224 -83.816772461 0.039742474 0.997807264 -0.052925874 -8.419075012 0.906653941 -0.013746561 0.421651125 100.761581421
0.417816520 -0.063894317 -0.906281829 -84.918991089 0.043071404 0.997795343 -0.050489269 -8.498978615 0.907509983 -0.017939584 0.419647396 101.277671814
0.415772319 -0.063281067 -0.907264531 -86.028022766 0.045011513 0.997785687 -0.048967417 -8.580069542 0.908354163 -0.020478053 0.417699993 101.781440735
0.414192468 -0.065108366 -0.907857656 -87.123703003 0.047367640 0.997628570 -0.049935851 -8.651813507 0.908955991 -0.022320019 0.416294217 102.279045105
0.412662148 -0.066048235 -0.908486426 -88.202987671 0.049038231 0.997532189 -0.050247330 -8.739006996 0.909563184 -0.023815403 0.414882690 102.774383545
0.412088543 -0.066894881 -0.908684790 -89.263732910 0.048650891 0.997494042 -0.051369589 -8.820220947 0.909844041 -0.023039505 0.414310366 103.253822327
0.412690252 -0.067416772 -0.908373117 -90.315132141 0.047943331 0.997482598 -0.052248698 -8.903738022 0.909608781 -0.021987906 0.414883554 103.732139587
0.415029526 -0.067255355 -0.907318652 -91.356117249 0.045871999 0.997542441 -0.052960269 -8.986299515 0.908650815 -0.019640435 0.417094767 104.199699402
0.419417650 -0.067293189 -0.905295730 -92.388679504 0.043722901 0.997588754 -0.053897060 -9.065966606 0.906739891 -0.016976772 0.421348542 104.674797058
0.424602866 -0.067638926 -0.902849495 -93.426864624 0.042082820 0.997602105 -0.054946303 -9.150502205 0.904401183 -0.014664100 0.426431119 105.149650574
0.430698395 -0.067587465 -0.899961531 -94.448837280 0.041537605 0.997619569 -0.055042800 -9.230482101 0.901539505 -0.013675403 0.432480574 105.632591248
0.437262625 -0.066819355 -0.896848142 -95.453147888 0.040309682 0.997689962 -0.054679364 -9.301292419 0.898430049 -0.012242425 0.438945979 106.126953125
0.446047962 -0.064810790 -0.892659366 -96.464408875 0.039368510 0.997830153 -0.052774798 -9.386886597 0.894142747 -0.011602581 0.447631568 106.612449646
0.454862893 -0.064424969 -0.888228059 -97.447807312 0.038336147 0.997871757 -0.052745666 -9.460323334 0.889735937 -0.010059191 0.456364721 107.108520508
0.464660972 -0.063943714 -0.883176804 -98.433708191 0.037222233 0.997918129 -0.052667689 -9.531692505 0.884705961 -0.008401192 0.466073781 107.615310669
0.473935783 -0.064325690 -0.878206611 -99.403709412 0.036268357 0.997907877 -0.053520702 -9.614682198 0.879812121 -0.006485734 0.475277275 108.143272400
0.484811187 -0.066247739 -0.872106314 -100.370674133 0.034980010 0.997798145 -0.056349978 -9.679638863 0.873919010 -0.003187189 0.486061037 108.665969849
0.496381938 -0.067285478 -0.865492761 -101.323333740 0.033186674 0.997733772 -0.058532804 -9.753989220 0.867469728 0.000331802 0.497489959 109.206123352
0.508798242 -0.065657943 -0.858378410 -102.266571045 0.031284980 0.997838974 -0.057781409 -9.832805634 0.860317171 0.002544723 0.509752691 109.759101868
0.521547437 -0.063437104 -0.850860834 -103.193336487 0.029833233 0.997978270 -0.056118950 -9.904603958 0.852700710 0.003884762 0.522385478 110.318008423
0.534015000 -0.059248094 -0.843396366 -104.115402222 0.027844759 0.998232961 -0.052494735 -10.002548218 0.845016360 0.004548809 0.534721196 110.888450623
0.546243966 -0.058811739 -0.835558891 -105.032302856 0.028233690 0.998257995 -0.051805809 -10.074213982 0.837150097 0.004707698 0.546952963 111.473716736
0.557724297 -0.058317333 -0.827975035 -105.923446655 0.027607460 0.998280168 -0.051716156 -10.157077789 0.829567015 0.005985072 0.558375180 112.073638916
0.568790376 -0.060054839 -0.820287108 -106.784278870 0.028781435 0.998173237 -0.053121079 -10.227052689 0.821978807 0.006605718 0.569479764 112.663459778
0.579382598 -0.062066089 -0.812689185 -107.633865356 0.031558294 0.998057008 -0.053724315 -10.299122810 0.814444542 0.005479849 0.580215514 113.275390625
0.590881288 -0.061568711 -0.804405749 -108.491096497 0.031459134 0.998083770 -0.053284191 -10.376760483 0.806144893 0.006178723 0.591685832 113.892921448
0.601263106 -0.058719505 -0.796890676 -109.313499451 0.029919608 0.998251259 -0.050982248 -10.448115349 0.798490942 0.006811084 0.601968408 114.510154724
0.611517251 -0.055884670 -0.789255083 -110.126396179 0.029817708 0.998421729 -0.047592252 -10.512676239 0.790669084 0.005569707 0.612218380 115.135253906
0.621582985 -0.055007648 -0.781414509 -110.927825928 0.029076995 0.998464108 -0.047157295 -10.573800087 0.782808483 0.006590987 0.622227728 115.764266968
0.632012427 -0.053550709 -0.773105800 -111.699081421 0.026834300 0.998523653 -0.047227733 -10.647460938 0.774493515 0.009102765 0.632516384 116.368904114
0.641711473 -0.053152066 -0.765102088 -112.466278076 0.025231244 0.998518705 -0.048205532 -10.710336685 0.766530931 0.011629572 0.642102063 117.001304626
0.651248515 -0.053155035 -0.757000566 -113.229598999 0.025149845 0.998507619 -0.048476722 -10.765110970 0.758447647 0.012531955 0.651613533 117.640396118
0.660663843 -0.049873840 -0.749023318 -113.968238831 0.023944288 0.998682916 -0.045377783 -10.844725609 0.750299931 0.012044637 0.660987854 118.295356750
0.668895304 -0.049064919 -0.741735458 -114.695449829 0.025035836 0.998740196 -0.043488208 -10.894755363 0.742934823 0.010519093 0.669281065 118.943725586
0.677062273 -0.048781339 -0.734307170 -115.406570435 0.025644952 0.998758674 -0.042703580 -10.953328133 0.735478759 0.010081715 0.677472830 119.601295471
0.685067892 -0.047708079 -0.726915240 -116.104171753 0.024151722 0.998792052 -0.042790249 -11.008018494 0.728078783 0.011757970 0.685392678 120.244209290
0.692381680 -0.046856046 -0.720008373 -116.782005310 0.023377594 0.998822093 -0.042519830 -11.057382584 0.721152484 0.012607899 0.692661524 120.892448425
0.699611723 -0.044296905 -0.713148832 -117.456977844 0.022750016 0.998951435 -0.039731223 -11.108909607 0.714160979 0.011572283 0.699885845 121.553001404
0.707180738 -0.041422769 -0.705818355 -118.120262146 0.021845991 0.999085784 -0.036745779 -11.164370537 0.706695199 0.010566605 0.707439244 122.208915710
0.714495480 -0.039567158 -0.698520362 -118.759742737 0.020473110 0.999154329 -0.035655025 -11.214490891 0.699340403 0.011174466 0.714701474 122.851387024
0.721987307 -0.038946684 -0.690809429 -119.394462585 0.019918192 0.999170601 -0.035514440 -11.260394096 0.691619575 0.011881297 0.722164392 123.516349792
0.729989886 -0.036148932 -0.682501316 -120.012565613 0.017625773 0.999263883 -0.034074202 -11.307204247 0.683230639 0.012844207 0.730089605 124.159790039
0.739044964 -0.033461332 -0.672824442 -120.614242554 0.016906526 0.999372363 -0.031130910 -11.349418640 0.673443913 0.011632022 0.739146769 124.817901611
0.748400152 -0.028939661 -0.662615836 -121.209381104 0.014409008 0.999521255 -0.027379513 -11.402579308 0.663090885 0.010943199 0.748458862 125.480072021
0.758506358 -0.027005170 -0.651105940 -121.778190613 0.012773614 0.999565125 -0.026577175 -11.441385269 0.651540399 0.011841982 0.758521438 126.136276245
0.768549085 -0.026108062 -0.639257848 -122.333183289 0.011151083 0.999561906 -0.027416904 -11.479647636 0.639693618 0.013942816 0.768503487 126.788871765
0.778484285 -0.027191989 -0.627074838 -122.872695923 0.011289752 0.999506056 -0.029326115 -11.515559196 0.627562523 0.015750401 0.778406739 127.451866150
0.788484156 -0.026058521 -0.614502788 -123.400184631 0.010743894 0.999533176 -0.028600300 -11.553369522 0.614961147 0.015948733 0.788396060 128.127914429
0.798519850 -0.024485903 -0.601470351 -123.913063049 0.010301392 0.999581873 -0.027016789 -11.586592674 0.601880431 0.015377463 0.798438132 128.814285278
0.808731854 -0.022070009 -0.587763250 -124.416450500 0.010011560 0.999667466 -0.023761274 -11.626819611 0.588092268 0.013332070 0.808683872 129.490478516
0.818457305 -0.020409027 -0.574204743 -124.914688110 0.009964227 0.999722779 -0.021330506 -11.658355713 0.574480832 0.011736600 0.818433821 130.193405151
0.827503622 -0.019205652 -0.561131835 -125.377319336 0.010737082 0.999773443 -0.018384850 -11.692450523 0.561357737 0.009188609 0.827522159 130.882263184
0.835739493 -0.018553805 -0.548812509 -125.849182129 0.011472315 0.999800920 -0.016330242 -11.718417168 0.549006164 0.007351679 0.835785985 131.591186523
0.842939675 -0.018958990 -0.537674069 -126.294265747 0.013057244 0.999805391 -0.014783742 -11.747700691 0.537849665 0.005441262 0.843023300 132.293960571
0.849392295 -0.018743049 -0.527429163 -126.732467651 0.013119488 0.999810219 -0.014401745 -11.769566536 0.527598977 0.005313131 0.849476993 133.007919312
0.856271207 -0.017899007 -0.516216338 -127.172157288 0.012222353 0.999821603 -0.014393513 -11.795575142 0.516381919 0.006015372 0.856337309 133.731582642
0.862968683 -0.015611871 -0.505016208 -127.614105225 0.010266596 0.999857962 -0.013365720 -11.818420410 0.505153120 0.006349400 0.863006353 134.461944580
0.869076610 -0.014751149 -0.494457692 -128.033386230 0.009616473 0.999870181 -0.012926859 -11.840651512 0.494584143 0.006479491 0.869105577 135.205032349
0.875202596 -0.015010985 -0.483523726 -128.459884644 0.010047277 0.999866843 -0.012854766 -11.867321014 0.483652234 0.006392428 0.875236988 135.953338623
0.880054653 -0.016413515 -0.474588662 -128.856414795 0.011205520 0.999841988 -0.013800273 -11.889617920 0.474740177 0.006826981 0.880099535 136.709304810
0.884340763 -0.017189825 -0.466525346 -129.255477905 0.011923410 0.999827564 -0.014238253 -11.908913612 0.466689646 0.007028895 0.884393215 137.474792480
0.887903512 -0.015963433 -0.459752619 -129.655410767 0.010894474 0.999847174 -0.013676377 -11.930500984 0.459900677 0.007134539 0.887941658 138.239761353
0.891049147 -0.014388979 -0.453678817 -130.061996460 0.010841130 0.999886990 -0.010420082 -11.946815491 0.453777462 0.004366414 0.891104400 139.035858154
0.894238830 -0.010080989 -0.447476476 -130.465087891 0.008189555 0.999947488 -0.006161309 -11.965822220 0.447515041 0.001845049 0.894274473 139.824935913
0.897556543 -0.007481572 -0.440836012 -130.866653442 0.006740919 0.999971986 -0.003246122 -11.983054161 0.440847933 -0.000058062 0.897581816 140.631179810
0.900833189 -0.004691490 -0.434140056 -131.268554688 0.004714168 0.999988377 -0.001024456 -11.993705750 0.434139758 -0.001123745 0.900844812 141.456329346
0.904118001 -0.003020318 -0.427272350 -131.672790527 0.003869317 0.999991834 0.001118783 -12.000531197 0.427265465 -0.002664764 0.904122412 142.296005249
0.907416582 -0.001557180 -0.420229465 -132.073287964 0.003523349 0.999986112 0.003902598 -12.004714966 0.420217603 -0.005021898 0.907409430 143.152359009
0.910809040 -0.001812463 -0.412823975 -132.462722778 0.004545805 0.999973774 0.005639075 -12.005511284 0.412802935 -0.007012737 0.910793424 144.025817871
0.914325356 -0.002131497 -0.404974610 -132.865631104 0.005424082 0.999960899 0.006983059 -12.016478539 0.404943913 -0.008581404 0.914301217 144.915039062
0.917966366 -0.002844242 -0.396648049 -133.257659912 0.006036419 0.999958694 0.006799744 -12.016098976 0.396612287 -0.008636270 0.917945564 145.819564819
0.921936810 -0.005662225 -0.387298793 -133.647811890 0.008761037 0.999942183 0.006236076 -12.016106606 0.387241066 -0.009142407 0.921933115 146.730560303
0.925766170 -0.006920659 -0.378033280 -134.005813599 0.009538568 0.999941766 0.005053066 -12.020748138 0.377976298 -0.008283854 0.925778210 147.639831543
0.930253327 -0.008026434 -0.366830170 -134.384597778 0.009796743 0.999947608 0.002964420 -12.022898674 0.366787225 -0.006351403 0.930283189 148.593673706
0.935358047 -0.006012379 -0.353651375 -134.749832153 0.007340074 0.999970138 0.002413102 -12.032453537 0.353626281 -0.004852942 0.935374260 149.564483643
0.941309929 -0.002231026 -0.337536037 -135.103240967 0.003674978 0.999986589 0.003639012 -12.040660858 0.337523371 -0.004665876 0.941305518 150.520919800
0.947833419 0.001280194 -0.318763584 -135.450271606 0.000885332 0.999977469 0.006648539 -12.043815613 0.318764925 -0.006583918 0.947810888 151.532699585
0.954220295 0.004613662 -0.299069315 -135.772308350 -0.002216929 0.999962568 0.008352749 -12.051697731 0.299096704 -0.007307346 0.954194844 152.528839111
0.960599124 0.005741012 -0.277878642 -136.084625244 -0.003390182 0.999954283 0.008939671 -12.047524452 0.277917296 -0.007645380 0.960574627 153.573669434
0.966527104 0.007697189 -0.256449252 -136.364364624 -0.005115874 0.999929309 0.010731222 -12.056102753 0.256513774 -0.009060053 0.966498137 154.604537964
0.971965790 0.008303500 -0.234975576 -136.625717163 -0.005285918 0.999895275 0.013469052 -12.049982071 0.235062838 -0.011849396 0.971907914 155.678939819
0.977033019 0.010963928 -0.212806046 -136.868392944 -0.007496266 0.999825776 0.017094994 -12.053700447 0.212956399 -0.015107123 0.976944864 156.750244141
0.981618404 0.013769198 -0.190357015 -137.091491699 -0.009928340 0.999727845 0.021116145 -12.043424606 0.190595940 -0.018838070 0.981487751 157.851898193
0.985736191 0.015370146 -0.167594880 -137.303054810 -0.011426120 0.999635220 0.024472114 -12.030936241 0.167909876 -0.022208083 0.985552192 158.980773926
0.989208102 0.017179940 -0.145507678 -137.475097656 -0.013773380 0.999607742 0.024386790 -12.016456604 0.145869568 -0.022119476 0.989056587 160.127792358
0.992239475 0.016694438 -0.123216644 -137.624603271 -0.014028514 0.999649048 0.022472098 -12.005757332 0.123548545 -0.020569153 0.992125392 161.280197144
0.994612336 0.016869731 -0.102282189 -137.753326416 -0.014751203 0.999661446 0.021433735 -11.990211487 0.102609135 -0.019809475 0.994524479 162.426315308
0.996478736 0.015322077 -0.082433499 -137.841354370 -0.013443025 0.999638021 0.023301726 -11.974705696 0.082760699 -0.022111516 0.996324122 163.621185303
0.997953415 0.016164273 -0.061869565 -137.936706543 -0.014635299 0.999578238 0.025086686 -11.962333679 0.062248982 -0.024129864 0.997768939 164.813156128
0.998999059 0.016683454 -0.041505329 -137.994659424 -0.015616534 0.999542594 0.025898235 -11.941999435 0.041918416 -0.025224144 0.998802543 166.030166626
0.999609053 0.018468309 -0.020990284 -138.033386230 -0.017909726 0.999488533 0.026494963 -11.928201675 0.021468863 -0.026108678 0.999428511 167.261398315
0.999820828 0.018928537 -0.000223491 -138.046463013 -0.018915500 0.999452531 0.027142961 -11.907846451 0.000737145 -0.027133873 0.999631524 168.501358032
0.999566138 0.021252431 0.020392772 -138.036224365 -0.021792997 0.999406934 0.026662100 -11.889349937 -0.019814042 -0.027094953 0.999436438 169.760528564
0.998927712 0.022515109 0.040453143 -138.001419067 -0.023551418 0.999401808 0.025326276 -11.869867325 -0.039858717 -0.026251847 0.998860419 171.031478882
0.997938454 0.022670703 0.060040455 -137.933380127 -0.024078349 0.999449432 0.022826089 -11.851651192 -0.059489910 -0.024224702 0.997934937 172.318267822
0.996583223 0.024793504 0.078786090 -137.839416504 -0.026467396 0.999444067 0.020273190 -11.837470055 -0.078239642 -0.022289181 0.996685386 173.609878540
0.994871199 0.024947612 0.098025218 -137.723510742 -0.026879970 0.999468446 0.018441699 -11.827045441 -0.097513050 -0.020982033 0.995013058 174.910308838
0.992825687 0.025162375 0.116893232 -137.578155518 -0.027165841 0.999509454 0.015577508 -11.819370270 -0.116443940 -0.018641250 0.993022323 176.224395752
0.990397394 0.026479784 0.135690078 -137.415206909 -0.028125420 0.999552131 0.010224878 -11.815702438 -0.135358557 -0.013943032 0.990698576 177.552490234
0.987761974 0.028224690 0.153393775 -137.220443726 -0.029109173 0.999570012 0.003522802 -11.820815086 -0.153228402 -0.007944857 0.988158882 178.873703003
0.984846115 0.030495740 0.170728281 -137.002273560 -0.030674020 0.999528229 -0.001594105 -11.830342293 -0.170696348 -0.003666975 0.985316873 180.207305908
0.981564701 0.032829951 0.188289180 -136.760162354 -0.032313310 0.999460936 -0.005813645 -11.849647522 -0.188378513 -0.000377778 0.982096374 181.552902222
0.977898777 0.034902528 0.206145138 -136.493988037 -0.033853609 0.999389708 -0.008614396 -11.873268127 -0.206319988 0.001445248 0.978483498 182.902969360
0.974082351 0.034228519 0.223588571 -136.197799683 -0.033188935 0.999413669 -0.008406896 -11.900471687 -0.223745257 0.000768342 0.974647343 184.264541626
0.970024467 0.033430994 0.240696698 -135.874496460 -0.032170888 0.999440372 -0.009163955 -11.926368713 -0.240868360 0.001145836 0.970557094 185.627090454
0.965630412 0.033672579 0.257728815 -135.526718140 -0.031030092 0.999415874 -0.014314707 -11.958548546 -0.258060306 0.005825368 0.966111243 186.989990234
0.961089790 0.035036538 0.274005145 -135.146224976 -0.031108398 0.999341726 -0.018669380 -11.992965698 -0.274478883 0.009419092 0.961546957 188.374526978
0.956121564 0.037336525 0.290581554 -134.737899780 -0.033289202 0.999267757 -0.018861024 -12.031539917 -0.291073024 0.008360203 0.956664324 189.767242432
0.950506210 0.039448019 0.308191121 -134.314743042 -0.035107713 0.999190986 -0.019617718 -12.074849129 -0.308715582 0.007826879 0.951122165 191.143218994
0.944518566 0.043265633 0.325595707 -133.864135742 -0.038007334 0.999024212 -0.022496544 -12.122635841 -0.326251298 0.008873385 0.945241392 192.520355225
0.938302517 0.043899469 0.343017846 -133.385910034 -0.036968555 0.998959064 -0.026721893 -12.171195984 -0.343833804 0.012392342 0.938948750 193.892013550
0.931823194 0.045020647 0.360109150 -132.869201660 -0.037013661 0.998890817 -0.029103750 -12.226719856 -0.361019999 0.013790593 0.932456076 195.269805908
0.924970746 0.045755208 0.377273858 -132.327011108 -0.035369873 0.998781562 -0.034413632 -12.290646553 -0.378388733 0.018487474 0.925462127 196.643722534
0.916727960 0.049141750 0.396478236 -131.766586304 -0.036016084 0.998530686 -0.040487967 -12.360723495 -0.397885382 0.022836864 0.917150795 198.013778687
0.907126307 0.052647069 0.417552590 -131.165069580 -0.037649125 0.998318315 -0.044080727 -12.438040733 -0.419171065 0.024266297 0.907582879 199.375030518
0.895737290 0.055351079 0.441124678 -130.543533325 -0.039320391 0.998194396 -0.045407552 -12.523449898 -0.442841530 0.023328044 0.896296382 200.710647583
