(0, 25, 206), (0, 73, 194), (0, 84, 192), (0, 111, 198), (0, 119, 166), (0, 169, 273), (0, 173, 227), (0, 178, 193), (0, 188, 121), (0, 196, 80), (0, 205, 124), (0, 244, 161), (0, 250, 159), (0, 264, 136), (0, 279, 201), (0, 283, 224), (0, 289, 208), (0, 308, 97), (0, 314, 82), (0, 321, 106), (0, 328, 138), (0, 358, 182), (0, 365, 176), (0, 378, 162), (0, 385, 168), (0, 394, 195), (0, 406, 182), (0, 414, 108), (0, 421, 74), (0, 428, 66), (0, 436, 143), (0, 465, 223), (0, 474, 212), (0, 483, 158), (0, 492, 193), (0, 518, 197), (0, 527, 148), (0, 595, 176), (0, 625, 176), (0, 634, 115), (0, 642, 95), (0, 651, 105), (0, 692, 165), (0, 718, 199), (25, 0, 206), (25, 73, 120), (25, 84, 126), (25, 111, 277), (25, 119, 261), (25, 169, 169), (25, 173, 109), (25, 178, 96), (25, 188, 58), (25, 196, 34), (25, 205, 57), (25, 244, 140), (25, 250, 138), (25, 264, 124), (25, 279, 157), (25, 283, 188), (25, 289, 154), (25, 308, 41), (25, 314, 39), (25, 321, 57), (25, 328, 87), (25, 358, 135), (25, 365, 138), (25, 378, 115), (25, 385, 136), (25, 394, 140), (25, 406, 133), (25, 414, 73), (25, 421, 44), (25, 428, 46), (25, 436, 98), (25, 465, 177), (25, 474, 165), (25, 483, 114), (25, 492, 146), (25, 518, 176), (25, 527, 121), (25, 595, 113), (25, 625, 145), (25, 634, 102), (25, 642, 84), (25, 651, 87), (25, 692, 121), (25, 718, 190), (73, 0, 194), (73, 25, 120), (73, 84, 294), (73, 111, 119), (73, 119, 84), (73, 169, 197), (73, 173, 170), (73, 178, 130), (73, 188, 78), (73, 196, 51), (73, 205, 84), (73, 244, 80), (73, 250, 73), (73, 264, 63), (73, 279, 96), (73, 283, 120), (73, 289, 103), (73, 308, 62), (73, 314, 47), (73, 321, 66), (73, 328, 81), (73, 358, 84), (73, 365, 78), (73, 378, 60), (73, 385, 77), (73, 394, 83), (73, 406, 85), (73, 414, 49), (73, 421, 32), (73, 428, 30), (73, 436, 66), (73, 465, 89), (73, 474, 109), (73, 483, 97), (73, 492, 106), (73, 518, 81), (73, 527, 59), (73, 595, 107), (73, 625, 61), (73, 634, 30), (73, 642, 17), (73, 651, 25), (73, 692, 98), (73, 718, 81), (84, 0, 192), (84, 25, 126), (84, 73, 294), (84, 111, 127), (84, 119, 90), (84, 169, 228), (84, 173, 187), (84, 178, 147), (84, 188, 94), (84, 196, 60), (84, 205, 95), (84, 244, 79), (84, 250, 75), (84, 264, 73), (84, 279, 96), (84, 283, 128), (84, 289, 123), (84, 308, 65), (84, 314, 52), (84, 321, 72), (84, 328, 101), (84, 358, 91), (84, 365, 83), (84, 378, 69), (84, 385, 82), (84, 394, 84), (84, 406, 88), (84, 414, 59), (84, 421, 33), (84, 428, 34), (84, 436, 77), (84, 465, 95), (84, 474, 103), (84, 483, 87), (84, 492, 106), (84, 518, 91), (84, 527, 59), (84, 595, 131), (84, 625, 70), (84, 634, 33), (84, 642, 23), (84, 651, 29), (84, 692, 114), (84, 718, 93), (111, 0, 198), (111, 25, 277), (111, 73, 119), (111, 84, 127), (111, 119, 336), (111, 169, 176), (111, 173, 139), (111, 178, 132), (111, 188, 74), (111, 196, 56), (111, 205, 81), (111, 244, 121), (111, 250, 115), (111, 264, 110), (111, 279, 167), (111, 283, 174), (111, 289, 179), (111, 308, 59), (111, 314, 58), (111, 321, 78), (111, 328, 122), (111, 358, 113), (111, 365, 112), (111, 378, 93), (111, 385, 97), (111, 394, 133), (111, 406, 162), (111, 414, 103), (111, 421, 59), (111, 428, 53), (111, 436, 133), (111, 465, 177), (111, 474, 169), (111, 483, 109), (111, 492, 156), (111, 518, 174), (111, 527, 133), (111, 595, 131), (111, 625, 153), (111, 634, 98), (111, 642, 72), (111, 651, 86), (111, 692, 101), (111, 718, 185), (119, 0, 166), (119, 25, 261), (119, 73, 84), (119, 84, 90), (119, 111, 336), (119, 169, 146), (119, 173, 119), (119, 178, 117), (119, 188, 61), (119, 196, 49), (119, 205, 64), (119, 244, 88), (119, 250, 78), (119, 264, 76), (119, 279, 115), (119, 283, 115), (119, 289, 155), (119, 308, 48), (119, 314, 48), (119, 321, 67), (119, 328, 94), (119, 358, 87), (119, 365, 83), (119, 378, 78), (119, 385, 77), (119, 394, 115), (119, 406, 139), (119, 414, 74), (119, 421, 43), (119, 428, 46), (119, 436, 106), (119, 465, 158), (119, 474, 134), (119, 483, 88), (119, 492, 115), (119, 518, 155), (119, 527, 107), (119, 595, 99), (119, 625, 134), (119, 634, 91), (119, 642, 77), (119, 651, 81), (119, 692, 89), (119, 718, 183), (169, 0, 273), (169, 25, 169), (169, 73, 197), (169, 84, 228), (169, 111, 176), (169, 119, 146), (169, 173, 322), (169, 178, 230), (169, 188, 129), (169, 196, 80), (169, 205, 133), (169, 244, 120), (169, 250, 105), (169, 264, 105), (169, 279, 148), (169, 283, 213), (169, 289, 212), (169, 308, 98), (169, 314, 85), (169, 321, 107), (169, 328, 146), (169, 358, 125), (169, 365, 118), (169, 378, 104), (169, 385, 116), (169, 394, 140), (169, 406, 162), (169, 414, 103), (169, 421, 68), (169, 428, 84), (169, 436, 146), (169, 465, 153), (169, 474, 154), (169, 483, 123), (169, 492, 139), (169, 518, 135), (169, 527, 95), (169, 595, 155), (169, 625, 118), (169, 634, 67), (169, 642, 40), (169, 651, 58), (169, 692, 128), (169, 718, 140), (173, 0, 227), (173, 25, 109), (173, 73, 170), (173, 84, 187), (173, 111, 139), (173, 119, 119), (173, 169, 322), (173, 178, 282), (173, 188, 172), (173, 196, 129), (173, 205, 164), (173, 244, 74), (173, 250, 56), (173, 264, 59), (173, 279, 101), (173, 283, 138), (173, 289, 194), (173, 308, 148), (173, 314, 132), (173, 321, 155), (173, 328, 175), (173, 358, 81), (173, 365, 65), (173, 378, 55), (173, 385, 68), (173, 394, 95), (173, 406, 175), (173, 414, 131), (173, 421, 98), (173, 428, 95), (173, 436, 157), (173, 465, 103), (173, 474, 103), (173, 483, 75), (173, 492, 92), (173, 518, 90), (173, 527, 66), (173, 595, 109), (173, 625, 87), (173, 634, 55), (173, 642, 40), (173, 651, 46), (173, 692, 90), (173, 718, 97), (178, 0, 193), (178, 25, 96), (178, 73, 130), (178, 84, 147), (178, 111, 132), (178, 119, 117), (178, 169, 230), (178, 173, 282), (178, 188, 217), (178, 196, 174), (178, 205, 201), (178, 244, 56), (178, 250, 42), (178, 264, 46), (178, 279, 82), (178, 283, 116), (178, 289, 147), (178, 308, 167), (178, 314, 170), (178, 321, 176), (178, 328, 172), (178, 358, 57), (178, 365, 40), (178, 378, 34), (178, 385, 48), (178, 394, 67), (178, 406, 144), (178, 414, 157), (178, 421, 127), (178, 428, 112), (178, 436, 142), (178, 465, 87), (178, 474, 70), (178, 483, 52), (178, 492, 63), (178, 518, 75), (178, 527, 65), (178, 595, 65), (178, 625, 71), (178, 634, 43), (178, 642, 33), (178, 651, 45), (178, 692, 55), (178, 718, 73), (188, 0, 121), (188, 25, 58), (188, 73, 78), (188, 84, 94), (188, 111, 74), (188, 119, 61), (188, 169, 129), (188, 173, 172), (188, 178, 217), (188, 196, 275), (188, 205, 239), (188, 244, 24), (188, 250, 0), (188, 264, 0), (188, 279, 43), (188, 283, 75), (188, 289, 100), (188, 308, 238), (188, 314, 231), (188, 321, 227), (188, 328, 148), (188, 358, 24), (188, 365, 0), (188, 378, 0), (188, 385, 17), (188, 394, 33), (188, 406, 93), (188, 414, 173), (188, 421, 153), (188, 428, 166), (188, 436, 117), (188, 465, 53), (188, 474, 33), (188, 483, 27), (188, 492, 35), (188, 518, 45), (188, 527, 41), (188, 595, 27), (188, 625, 40), (188, 634, 32), (188, 642, 22), (188, 651, 31), (188, 692, 27), (188, 718, 36), (196, 0, 80), (196, 25, 34), (196, 73, 51), (196, 84, 60), (196, 111, 56), (196, 119, 49), (196, 169, 80), (196, 173, 129), (196, 178, 174), (196, 188, 275), (196, 205, 223), (196, 244, 0), (196, 250, 0), (196, 264, 0), (196, 279, 30), (196, 283, 63), (196, 289, 85), (196, 308, 233), (196, 314, 251), (196, 321, 187), (196, 328, 121), (196, 358, 0), (196, 365, 0), (196, 378, 0), (196, 385, 0), (196, 394, 22), (196, 406, 75), (196, 414, 127), (196, 421, 167), (196, 428, 138), (196, 436, 90), (196, 465, 33), (196, 474, 24), (196, 483, 19), (196, 492, 24), (196, 518, 35), (196, 527, 33), (196, 595, 18), (196, 625, 29), (196, 634, 25), (196, 642, 19), (196, 651, 28), (196, 692, 0), (196, 718, 25), (205, 0, 124), (205, 25, 57), (205, 73, 84), (205, 84, 95), (205, 111, 81), (205, 119, 64), (205, 169, 133), (205, 173, 164), (205, 178, 201), (205, 188, 239), (205, 196, 223), (205, 244, 38), (205, 250, 27), (205, 264, 26), (205, 279, 51), (205, 283, 82), (205, 289, 113), (205, 308, 165), (205, 314, 174), (205, 321, 194), (205, 328, 161), (205, 358, 38), (205, 365, 27), (205, 378, 23), (205, 385, 28), (205, 394, 47), (205, 406, 87), (205, 414, 111), (205, 421, 111), (205, 428, 119), (205, 436, 105), (205, 465, 54), (205, 474, 45), (205, 483, 43), (205, 492, 52), (205, 518, 53), (205, 527, 39), (205, 595, 37), (205, 625, 47), (205, 634, 30), (205, 642, 24), (205, 651, 28), (205, 692, 33), (205, 718, 42), (244, 0, 161), (244, 25, 140), (244, 73, 80), (244, 84, 79), (244, 111, 121), (244, 119, 88), (244, 169, 120), (244, 173, 74), (244, 178, 56), (244, 188, 24), (244, 196, 6), (244, 205, 38), (244, 250, 351), (244, 264, 301), (244, 279, 224), (244, 283, 156), (244, 289, 116), (244, 308, 0), (244, 314, 0), (244, 321, 24), (244, 328, 51), (244, 358, 282), (244, 365, 253), (244, 378, 247), (244, 385, 258), (244, 394, 226), (244, 406, 90), (244, 414, 29), (244, 421, 0), (244, 428, 0), (244, 436, 80), (244, 465, 186), (244, 474, 157), (244, 483, 116), (244, 492, 136), (244, 518, 191), (244, 527, 147), (244, 595, 127), (244, 625, 166), (244, 634, 109), (244, 642, 80), (244, 651, 90), (244, 692, 121), (244, 718, 170), (250, 0, 159), (250, 25, 138), (250, 73, 73), (250, 84, 75), (250, 111, 115), (250, 119, 78), (250, 169, 105), (250, 173, 56), (250, 178, 42), (250, 188, 12), (250, 196, 1), (250, 205, 27), (250, 244, 351), (250, 264, 287), (250, 279, 192), (250, 283, 146), (250, 289, 106), (250, 308, 0), (250, 314, 0), (250, 321, 18), (250, 328, 56), (250, 358, 225), (250, 365, 271), (250, 378, 280), (250, 385, 238), (250, 394, 211), (250, 406, 84), (250, 414, 21), (250, 421, 0), (250, 428, 0), (250, 436, 65), (250, 465, 178), (250, 474, 140), (250, 483, 106), (250, 492, 125), (250, 518, 187), (250, 527, 148), (250, 595, 115), (250, 625, 158), (250, 634, 119), (250, 642, 90), (250, 651, 105), (250, 692, 104), (250, 718, 155), (264, 0, 136), (264, 25, 124), (264, 73, 63), (264, 84, 73), (264, 111, 110), (264, 119, 76), (264, 169, 105), (264, 173, 59), (264, 178, 46), (264, 188, 12), (264, 196, 8), (264, 205, 26), (264, 244, 301), (264, 250, 287), (264, 279, 185), (264, 283, 129), (264, 289, 99), (264, 308, 0), (264, 314, 0), (264, 321, 19), (264, 328, 41), (264, 358, 212), (264, 365, 209), (264, 378, 195), (264, 385, 261), (264, 394, 191), (264, 406, 75), (264, 414, 15), (264, 421, 0), (264, 428, 0), (264, 436, 51), (264, 465, 146), (264, 474, 133), (264, 483, 106), (264, 492, 118), (264, 518, 161), (264, 527, 120), (264, 595, 104), (264, 625, 133), (264, 634, 82), (264, 642, 69), (264, 651, 76), (264, 692, 94), (264, 718, 122), (279, 0, 201), (279, 25, 157), (279, 73, 96), (279, 84, 96), (279, 111, 167), (279, 119, 115), (279, 169, 148), (279, 173, 101), (279, 178, 82), (279, 188, 43), (279, 196, 30), (279, 205, 51), (279, 244, 224), (279, 250, 192), (279, 264, 185), (279, 283, 241), (279, 289, 174), (279, 308, 30), (279, 314, 26), (279, 321, 48), (279, 328, 86), (279, 358, 176), (279, 365, 160), (279, 378, 149), (279, 385, 189), (279, 394, 247), (279, 406, 125), (279, 414, 58), (279, 421, 26), (279, 428, 36), (279, 436, 90), (279, 465, 201), (279, 474, 154), (279, 483, 112), (279, 492, 142), (279, 518, 199), (279, 527, 150), (279, 595, 121), (279, 625, 177), (279, 634, 112), (279, 642, 86), (279, 651, 112), (279, 692, 119), (279, 718, 192), (283, 0, 224), (283, 25, 188), (283, 73, 120), (283, 84, 128), (283, 111, 174), (283, 119, 115), (283, 169, 213), (283, 173, 138), (283, 178, 116), (283, 188, 75), (283, 196, 63), (283, 205, 82), (283, 244, 156), (283, 250, 146), (283, 264, 129), (283, 279, 241), (283, 289, 235), (283, 308, 56), (283, 314, 50), (283, 321, 83), (283, 328, 115), (283, 358, 139), (283, 365, 125), (283, 378, 114), (283, 385, 143), (283, 394, 202), (283, 406, 165), (283, 414, 87), (283, 421, 48), (283, 428, 65), (283, 436, 136), (283, 465, 168), (283, 474, 137), (283, 483, 110), (283, 492, 129), (283, 518, 165), (283, 527, 134), (283, 595, 103), (283, 625, 137), (283, 634, 103), (283, 642, 78), (283, 651, 94), (283, 692, 119), (283, 718, 143), (289, 0, 208), (289, 25, 154), (289, 73, 103), (289, 84, 123), (289, 111, 179), (289, 119, 155), (289, 169, 212), (289, 173, 194), (289, 178, 147), (289, 188, 100), (289, 196, 85), (289, 205, 113), (289, 244, 116), (289, 250, 106), (289, 264, 99), (289, 279, 174), (289, 283, 235), (289, 308, 91), (289, 314, 83), (289, 321, 111), (289, 328, 137), (289, 358, 94), (289, 365, 69), (289, 378, 67), (289, 385, 80), (289, 394, 126), (289, 406, 209), (289, 414, 115), (289, 421, 81), (289, 428, 96), (289, 436, 168), (289, 465, 125), (289, 474, 111), (289, 483, 82), (289, 492, 103), (289, 518, 130), (289, 527, 95), (289, 595, 84), (289, 625, 118), (289, 634, 68), (289, 642, 51), (289, 651, 56), (289, 692, 81), (289, 718, 121), (308, 0, 97), (308, 25, 41), (308, 73, 62), (308, 84, 65), (308, 111, 59), (308, 119, 48), (308, 169, 98), (308, 173, 148), (308, 178, 167), (308, 188, 238), (308, 196, 233), (308, 205, 165), (308, 244, 11), (308, 250, 7), (308, 264, 6), (308, 279, 30), (308, 283, 56), (308, 289, 91), (308, 314, 297), (308, 321, 232), (308, 328, 130), (308, 358, 0), (308, 365, 0), (308, 378, 0), (308, 385, 0), (308, 394, 27), (308, 406, 90), (308, 414, 156), (308, 421, 176), (308, 428, 169), (308, 436, 127), (308, 465, 44), (308, 474, 36), (308, 483, 18), (308, 492, 27), (308, 518, 41), (308, 527, 47), (308, 595, 19), (308, 625, 41), (308, 634, 33), (308, 642, 29), (308, 651, 37), (308, 692, 19), (308, 718, 42), (314, 0, 82), (314, 25, 39), (314, 73, 47), (314, 84, 52), (314, 111, 58), (314, 119, 48), (314, 169, 85), (314, 173, 132), (314, 178, 170), (314, 188, 231), (314, 196, 251), (314, 205, 174), (314, 244, 8), (314, 250, 1), (314, 264, 4), (314, 279, 26), (314, 283, 50), (314, 289, 83), (314, 308, 297), (314, 321, 250), (314, 328, 144), (314, 358, 0), (314, 365, 0), (314, 378, 0), (314, 385, 0), (314, 394, 25), (314, 406, 81), (314, 414, 157), (314, 421, 189), (314, 428, 175), (314, 436, 112), (314, 465, 43), (314, 474, 24), (314, 483, 18), (314, 492, 22), (314, 518, 30), (314, 527, 40), (314, 595, 15), (314, 625, 35), (314, 634, 26), (314, 642, 27), (314, 651, 33), (314, 692, 0), (314, 718, 32), (321, 0, 106), (321, 25, 57), (321, 73, 66), (321, 84, 72), (321, 111, 78), (321, 119, 67), (321, 169, 107), (321, 173, 155), (321, 178, 176), (321, 188, 227), (321, 196, 187), (321, 205, 194), (321, 244, 24), (321, 250, 18), (321, 264, 19), (321, 279, 48), (321, 283, 83), (321, 289, 111), (321, 308, 232), (321, 314, 250), (321, 328, 215), (321, 358, 37), (321, 365, 18), (321, 378, 0), (321, 385, 24), (321, 394, 46), (321, 406, 118), (321, 414, 191), (321, 421, 173), (321, 428, 192), (321, 436, 139), (321, 465, 61), (321, 474, 43), (321, 483, 34), (321, 492, 45), (321, 518, 58), (321, 527, 56), (321, 595, 30), (321, 625, 57), (321, 634, 39), (321, 642, 30), (321, 651, 42), (321, 692, 30), (321, 718, 50), (328, 0, 138), (328, 25, 87), (328, 73, 81), (328, 84, 101), (328, 111, 122), (328, 119, 94), (328, 169, 146), (328, 173, 175), (328, 178, 172), (328, 188, 148), (328, 196, 121), (328, 205, 161), (328, 244, 51), (328, 250, 56), (328, 264, 41), (328, 279, 86), (328, 283, 115), (328, 289, 137), (328, 308, 130), (328, 314, 144), (328, 321, 215), (328, 358, 55), (328, 365, 38), (328, 378, 37), (328, 385, 52), (328, 394, 68), (328, 406, 114), (328, 414, 132), (328, 421, 93), (328, 428, 110), (328, 436, 155), (328, 465, 69), (328, 474, 62), (328, 483, 45), (328, 492, 57), (328, 518, 59), (328, 527, 64), (328, 595, 45), (328, 625, 62), (328, 634, 42), (328, 642, 41), (328, 651, 31), (328, 692, 38), (328, 718, 65), (358, 0, 182), (358, 25, 135), (358, 73, 84), (358, 84, 91), (358, 111, 113), (358, 119, 87), (358, 169, 125), (358, 173, 81), (358, 178, 57), (358, 188, 24), (358, 196, 14), (358, 205, 38), (358, 244, 282), (358, 250, 225), (358, 264, 212), (358, 279, 176), (358, 283, 139), (358, 289, 94), (358, 308, 14), (358, 314, 14), (358, 321, 37), (358, 328, 55), (358, 365, 317), (358, 378, 254), (358, 385, 278), (358, 394, 229), (358, 406, 100), (358, 414, 30), (358, 421, 0), (358, 428, 15), (358, 436, 62), (358, 465, 190), (358, 474, 169), (358, 483, 133), (358, 492, 165), (358, 518, 161), (358, 527, 126), (358, 595, 140), (358, 625, 150), (358, 634, 96), (358, 642, 67), (358, 651, 88), (358, 692, 137), (358, 718, 159), (365, 0, 176), (365, 25, 138), (365, 73, 78), (365, 84, 83), (365, 111, 112), (365, 119, 83), (365, 169, 118), (365, 173, 65), (365, 178, 40), (365, 188, 13), (365, 196, 4), (365, 205, 27), (365, 244, 253), (365, 250, 271), (365, 264, 209), (365, 279, 160), (365, 283, 125), (365, 289, 69), (365, 308, 4), (365, 314, 5), (365, 321, 18), (365, 328, 38), (365, 358, 317), (365, 378, 343), (365, 385, 257), (365, 394, 203), (365, 406, 90), (365, 414, 18), (365, 421, 0), (365, 428, 0), (365, 436, 49), (365, 465, 191), (365, 474, 177), (365, 483, 137), (365, 492, 160), (365, 518, 171), (365, 527, 123), (365, 595, 140), (365, 625, 146), (365, 634, 101), (365, 642, 76), (365, 651, 97), (365, 692, 144), (365, 718, 168), (378, 0, 162), (378, 25, 115), (378, 73, 60), (378, 84, 69), (378, 111, 93), (378, 119, 78), (378, 169, 104), (378, 173, 55), (378, 178, 34), (378, 188, 8), (378, 196, 2), (378, 205, 23), (378, 244, 247), (378, 250, 280), (378, 264, 195), (378, 279, 149), (378, 283, 114), (378, 289, 67), (378, 308, 2), (378, 314, 4), (378, 321, 12), (378, 328, 37), (378, 358, 254), (378, 365, 343), (378, 385, 281), (378, 394, 199), (378, 406, 74), (378, 414, 0), (378, 421, 0), (378, 428, 0), (378, 436, 41), (378, 465, 176), (378, 474, 144), (378, 483, 112), (378, 492, 138), (378, 518, 161), (378, 527, 109), (378, 595, 122), (378, 625, 134), (378, 634, 87), (378, 642, 64), (378, 651, 80), (378, 692, 107), (378, 718, 148), (385, 0, 168), (385, 25, 136), (385, 73, 77), (385, 84, 82), (385, 111, 97), (385, 119, 77), (385, 169, 116), (385, 173, 68), (385, 178, 48), (385, 188, 17), (385, 196, 11), (385, 205, 28), (385, 244, 258), (385, 250, 238), (385, 264, 261), (385, 279, 189), (385, 283, 143), (385, 289, 80), (385, 308, 11), (385, 314, 14), (385, 321, 24), (385, 328, 52), (385, 358, 278), (385, 365, 257), (385, 378, 281), (385, 394, 203), (385, 406, 82), (385, 414, 22), (385, 421, 0), (385, 428, 0), (385, 436, 52), (385, 465, 165), (385, 474, 143), (385, 483, 115), (385, 492, 141), (385, 518, 150), (385, 527, 117), (385, 595, 123), (385, 625, 131), (385, 634, 85), (385, 642, 59), (385, 651, 75), (385, 692, 106), (385, 718, 136), (394, 0, 195), (394, 25, 140), (394, 73, 83), (394, 84, 84), (394, 111, 133), (394, 119, 115), (394, 169, 140), (394, 173, 95), (394, 178, 67), (394, 188, 33), (394, 196, 22), (394, 205, 47), (394, 244, 226), (394, 250, 211), (394, 264, 191), (394, 279, 247), (394, 283, 202), (394, 289, 126), (394, 308, 27), (394, 314, 25), (394, 321, 46), (394, 328, 68), (394, 358, 229), (394, 365, 203), (394, 378, 199), (394, 385, 203), (394, 406, 115), (394, 414, 38), (394, 421, 15), (394, 428, 25), (394, 436, 82), (394, 465, 194), (394, 474, 160), (394, 483, 116), (394, 492, 135), (394, 518, 180), (394, 527, 130), (394, 595, 118), (394, 625, 159), (394, 634, 93), (394, 642, 66), (394, 651, 89), (394, 692, 115), (394, 718, 173), (406, 0, 182), (406, 25, 133), (406, 73, 85), (406, 84, 88), (406, 111, 162), (406, 119, 139), (406, 169, 162), (406, 173, 175), (406, 178, 144), (406, 188, 93), (406, 196, 75), (406, 205, 87), (406, 244, 90), (406, 250, 84), (406, 264, 75), (406, 279, 125), (406, 283, 165), (406, 289, 209), (406, 308, 90), (406, 314, 81), (406, 321, 118), (406, 328, 114), (406, 358, 100), (406, 365, 90), (406, 378, 74), (406, 385, 82), (406, 394, 115), (406, 414, 177), (406, 421, 106), (406, 428, 113), (406, 436, 185), (406, 465, 147), (406, 474, 130), (406, 483, 83), (406, 492, 115), (406, 518, 137), (406, 527, 114), (406, 595, 96), (406, 625, 122), (406, 634, 81), (406, 642, 70), (406, 651, 71), (406, 692, 86), (406, 718, 128), (414, 0, 108), (414, 25, 73), (414, 73, 49), (414, 84, 59), (414, 111, 103), (414, 119, 74), (414, 169, 103), (414, 173, 131), (414, 178, 157), (414, 188, 173), (414, 196, 127), (414, 205, 111), (414, 244, 29), (414, 250, 21), (414, 264, 15), (414, 279, 58), (414, 283, 87), (414, 289, 115), (414, 308, 156), (414, 314, 157), (414, 321, 191), (414, 328, 132), (414, 358, 30), (414, 365, 18), (414, 378, 9), (414, 385, 22), (414, 394, 38), (414, 406, 177), (414, 421, 289), (414, 428, 256), (414, 436, 182), (414, 465, 76), (414, 474, 50), (414, 483, 25), (414, 492, 45), (414, 518, 74), (414, 527, 77), (414, 595, 31), (414, 625, 76), (414, 634, 54), (414, 642, 61), (414, 651, 69), (414, 692, 25), (414, 718, 57), (421, 0, 74), (421, 25, 44), (421, 73, 32), (421, 84, 33), (421, 111, 59), (421, 119, 43), (421, 169, 68), (421, 173, 98), (421, 178, 127), (421, 188, 153), (421, 196, 167), (421, 205, 111), (421, 244, 7), (421, 250, 2), (421, 264, 1), (421, 279, 26), (421, 283, 48), (421, 289, 81), (421, 308, 176), (421, 314, 189), (421, 321, 173), (421, 328, 93), (421, 358, 12), (421, 365, 3), (421, 378, 0), (421, 385, 6), (421, 394, 14), (421, 406, 106), (421, 414, 289), (421, 428, 275), (421, 436, 146), (421, 465, 43), (421, 474, 18), (421, 483, 0), (421, 492, 21), (421, 518, 40), (421, 527, 48), (421, 595, 0), (421, 625, 40), (421, 634, 40), (421, 642, 39), (421, 651, 44), (421, 692, 0), (421, 718, 41), (428, 0, 66), (428, 25, 46), (428, 73, 30), (428, 84, 34), (428, 111, 53), (428, 119, 46), (428, 169, 84), (428, 173, 95), (428, 178, 112), (428, 188, 166), (428, 196, 138), (428, 205, 119), (428, 244, 13), (428, 250, 8), (428, 264, 4), (428, 279, 36), (428, 283, 65), (428, 289, 96), (428, 308, 169), (428, 314, 175), (428, 321, 192), (428, 328, 110), (428, 358, 15), (428, 365, 9), (428, 378, 6), (428, 385, 9), (428, 394, 25), (428, 406, 113), (428, 414, 256), (428, 421, 275), (428, 436, 166), (428, 465, 47), (428, 474, 17), (428, 483, 0), (428, 492, 23), (428, 518, 44), (428, 527, 48), (428, 595, 0), (428, 625, 43), (428, 634, 38), (428, 642, 35), (428, 651, 41), (428, 692, 0), (428, 718, 37), (436, 0, 143), (436, 25, 98), (436, 73, 66), (436, 84, 77), (436, 111, 133), (436, 119, 106), (436, 169, 146), (436, 173, 157), (436, 178, 142), (436, 188, 117), (436, 196, 90), (436, 205, 105), (436, 244, 80), (436, 250, 65), (436, 264, 51), (436, 279, 90), (436, 283, 136), (436, 289, 168), (436, 308, 127), (436, 314, 112), (436, 321, 139), (436, 328, 155), (436, 358, 62), (436, 365, 49), (436, 378, 41), (436, 385, 52), (436, 394, 82), (436, 406, 185), (436, 414, 182), (436, 421, 146), (436, 428, 166), (436, 465, 65), (436, 474, 67), (436, 483, 42), (436, 492, 48), (436, 518, 62), (436, 527, 53), (436, 595, 44), (436, 625, 60), (436, 634, 44), (436, 642, 32), (436, 651, 34), (436, 692, 41), (436, 718, 58), (465, 0, 223), (465, 25, 177), (465, 73, 89), (465, 84, 95), (465, 111, 177), (465, 119, 158), (465, 169, 153), (465, 173, 103), (465, 178, 87), (465, 188, 53), (465, 196, 33), (465, 205, 54), (465, 244, 186), (465, 250, 178), (465, 264, 146), (465, 279, 201), (465, 283, 168), (465, 289, 125), (465, 308, 44), (465, 314, 43), (465, 321, 61), (465, 328, 69), (465, 358, 190), (465, 365, 191), (465, 378, 176), (465, 385, 165), (465, 394, 194), (465, 406, 147), (465, 414, 76), (465, 421, 43), (465, 428, 47), (465, 436, 65), (465, 474, 274), (465, 483, 194), (465, 492, 225), (465, 518, 240), (465, 527, 164), (465, 595, 175), (465, 625, 206), (465, 634, 120), (465, 642, 100), (465, 651, 121), (465, 692, 194), (465, 718, 252), (474, 0, 212), (474, 25, 165), (474, 73, 109), (474, 84, 103), (474, 111, 169), (474, 119, 134), (474, 169, 154), (474, 173, 103), (474, 178, 70), (474, 188, 33), (474, 196, 24), (474, 205, 45), (474, 244, 157), (474, 250, 140), (474, 264, 133), (474, 279, 154), (474, 283, 137), (474, 289, 111), (474, 308, 36), (474, 314, 24), (474, 321, 43), (474, 328, 62), (474, 358, 169), (474, 365, 177), (474, 378, 144), (474, 385, 143), (474, 394, 160), (474, 406, 130), (474, 414, 50), (474, 421, 18), (474, 428, 17), (474, 436, 67), (474, 465, 274), (474, 483, 309), (474, 492, 329), (474, 518, 194), (474, 527, 126), (474, 595, 241), (474, 625, 164), (474, 634, 94), (474, 642, 56), (474, 651, 76), (474, 692, 263), (474, 718, 209), (483, 0, 158), (483, 25, 114), (483, 73, 97), (483, 84, 87), (483, 111, 109), (483, 119, 88), (483, 169, 123), (483, 173, 75), (483, 178, 52), (483, 188, 27), (483, 196, 19), (483, 205, 43), (483, 244, 116), (483, 250, 106), (483, 264, 106), (483, 279, 112), (483, 283, 110), (483, 289, 82), (483, 308, 18), (483, 314, 18), (483, 321, 34), (483, 328, 45), (483, 358, 133), (483, 365, 137), (483, 378, 112), (483, 385, 115), (483, 394, 116), (483, 406, 83), (483, 414, 25), (483, 421, 12), (483, 428, 12), (483, 436, 42), (483, 465, 194), (483, 474, 309), (483, 492, 273), (483, 518, 125), (483, 527, 70), (483, 595, 218), (483, 625, 102), (483, 634, 44), (483, 642, 16), (483, 651, 29), (483, 692, 238), (483, 718, 131), (492, 0, 193), (492, 25, 146), (492, 73, 106), (492, 84, 106), (492, 111, 156), (492, 119, 115), (492, 169, 139), (492, 173, 92), (492, 178, 63), (492, 188, 35), (492, 196, 24), (492, 205, 52), (492, 244, 136), (492, 250, 125), (492, 264, 118), (492, 279, 142), (492, 283, 129), (492, 289, 103), (492, 308, 27), (492, 314, 22), (492, 321, 45), (492, 328, 57), (492, 358, 165), (492, 365, 160), (492, 378, 138), (492, 385, 141), (492, 394, 135), (492, 406, 115), (492, 414, 45), (492, 421, 21), (492, 428, 23), (492, 436, 48), (492, 465, 225), (492, 474, 329), (492, 483, 273), (492, 518, 173), (492, 527, 112), (492, 595, 282), (492, 625, 148), (492, 634, 80), (492, 642, 47), (492, 651, 62), (492, 692, 244), (492, 718, 185), (518, 0, 197), (518, 25, 176), (518, 73, 81), (518, 84, 91), (518, 111, 174), (518, 119, 155), (518, 169, 135), (518, 173, 90), (518, 178, 75), (518, 188, 45), (518, 196, 35), (518, 205, 53), (518, 244, 191), (518, 250, 187), (518, 264, 161), (518, 279, 199), (518, 283, 165), (518, 289, 130), (518, 308, 41), (518, 314, 30), (518, 321, 58), (518, 328, 59), (518, 358, 161), (518, 365, 171), (518, 378, 161), (518, 385, 150), (518, 394, 180), (518, 406, 137), (518, 414, 74), (518, 421, 40), (518, 428, 44), (518, 436, 62), (518, 465, 240), (518, 474, 194), (518, 483, 125), (518, 492, 173), (518, 527, 285), (518, 595, 137), (518, 625, 271), (518, 634, 201), (518, 642, 157), (518, 651, 186), (518, 692, 135), (518, 718, 273), (527, 0, 148), (527, 25, 121), (527, 73, 59), (527, 84, 59), (527, 111, 133), (527, 119, 107), (527, 169, 95), (527, 173, 66), (527, 178, 65), (527, 188, 41), (527, 196, 33), (527, 205, 39), (527, 244, 147), (527, 250, 148), (527, 264, 120), (527, 279, 150), (527, 283, 134), (527, 289, 95), (527, 308, 47), (527, 314, 40), (527, 321, 56), (527, 328, 64), (527, 358, 126), (527, 365, 123), (527, 378, 109), (527, 385, 117), (527, 394, 130), (527, 406, 114), (527, 414, 77), (527, 421, 48), (527, 428, 48), (527, 436, 53), (527, 465, 164), (527, 474, 126), (527, 483, 70), (527, 492, 112), (527, 518, 285), (527, 595, 75), (527, 625, 252), (527, 634, 259), (527, 642, 211), (527, 651, 236), (527, 692, 74), (527, 718, 175), (595, 0, 176), (595, 25, 113), (595, 73, 107), (595, 84, 131), (595, 111, 131), (595, 119, 99), (595, 169, 155), (595, 173, 109), (595, 178, 65), (595, 188, 27), (595, 196, 18), (595, 205, 37), (595, 244, 127), (595, 250, 115), (595, 264, 104), (595, 279, 121), (595, 283, 103), (595, 289, 84), (595, 308, 19), (595, 314, 15), (595, 321, 30), (595, 328, 45), (595, 358, 140), (595, 365, 140), (595, 378, 122), (595, 385, 123), (595, 394, 118), (595, 406, 96), (595, 414, 31), (595, 421, 12), (595, 428, 11), (595, 436, 44), (595, 465, 175), (595, 474, 241), (595, 483, 218), (595, 492, 282), (595, 518, 137), (595, 527, 75), (595, 625, 135), (595, 634, 59), (595, 642, 21), (595, 651, 43), (595, 692, 246), (595, 718, 158), (625, 0, 176), (625, 25, 145), (625, 73, 61), (625, 84, 70), (625, 111, 153), (625, 119, 134), (625, 169, 118), (625, 173, 87), (625, 178, 71), (625, 188, 40), (625, 196, 29), (625, 205, 47), (625, 244, 166), (625, 250, 158), (625, 264, 133), (625, 279, 177), (625, 283, 137), (625, 289, 118), (625, 308, 41), (625, 314, 35), (625, 321, 57), (625, 328, 62), (625, 358, 150), (625, 365, 146), (625, 378, 134), (625, 385, 131), (625, 394, 159), (625, 406, 122), (625, 414, 76), (625, 421, 40), (625, 428, 43), (625, 436, 60), (625, 465, 206), (625, 474, 164), (625, 483, 102), (625, 492, 148), (625, 518, 271), (625, 527, 252), (625, 595, 135), (625, 634, 249), (625, 642, 174), (625, 651, 210), (625, 692, 89), (625, 718, 236), (634, 0, 115), (634, 25, 102), (634, 73, 30), (634, 84, 33), (634, 111, 98), (634, 119, 91), (634, 169, 67), (634, 173, 55), (634, 178, 43), (634, 188, 32), (634, 196, 25), (634, 205, 30), (634, 244, 109), (634, 250, 119), (634, 264, 82), (634, 279, 112), (634, 283, 103), (634, 289, 68), (634, 308, 33), (634, 314, 26), (634, 321, 39), (634, 328, 42), (634, 358, 96), (634, 365, 101), (634, 378, 87), (634, 385, 85), (634, 394, 93), (634, 406, 81), (634, 414, 54), (634, 421, 40), (634, 428, 38), (634, 436, 44), (634, 465, 120), (634, 474, 94), (634, 483, 44), (634, 492, 80), (634, 518, 201), (634, 527, 259), (634, 595, 59), (634, 625, 249), (634, 642, 323), (634, 651, 344), (634, 692, 54), (634, 718, 166), (642, 0, 95), (642, 25, 84), (642, 73, 17), (642, 84, 23), (642, 111, 72), (642, 119, 77), (642, 169, 40), (642, 173, 40), (642, 178, 33), (642, 188, 22), (642, 196, 19), (642, 205, 24), (642, 244, 80), (642, 250, 90), (642, 264, 69), (642, 279, 86), (642, 283, 78), (642, 289, 51), (642, 308, 29), (642, 314, 27), (642, 321, 30), (642, 328, 41), (642, 358, 67), (642, 365, 76), (642, 378, 64), (642, 385, 59), (642, 394, 66), (642, 406, 70), (642, 414, 61), (642, 421, 39), (642, 428, 35), (642, 436, 32), (642, 465, 100), (642, 474, 56), (642, 483, 16), (642, 492, 47), (642, 518, 157), (642, 527, 211), (642, 595, 21), (642, 625, 174), (642, 634, 323), (642, 651, 318), (642, 692, 16), (642, 718, 110), (651, 0, 105), (651, 25, 87), (651, 73, 25), (651, 84, 29), (651, 111, 86), (651, 119, 81), (651, 169, 58), (651, 173, 46), (651, 178, 45), (651, 188, 31), (651, 196, 28), (651, 205, 28), (651, 244, 90), (651, 250, 105), (651, 264, 76), (651, 279, 112), (651, 283, 94), (651, 289, 56), (651, 308, 37), (651, 314, 33), (651, 321, 42), (651, 328, 31), (651, 358, 88), (651, 365, 97), (651, 378, 80), (651, 385, 75), (651, 394, 89), (651, 406, 71), (651, 414, 69), (651, 421, 44), (651, 428, 41), (651, 436, 34), (651, 465, 121), (651, 474, 76), (651, 483, 29), (651, 492, 62), (651, 518, 186), (651, 527, 236), (651, 595, 43), (651, 625, 210), (651, 634, 344), (651, 642, 318), (651, 692, 37), (651, 718, 146), (692, 0, 165), (692, 25, 121), (692, 73, 98), (692, 84, 114), (692, 111, 101), (692, 119, 89), (692, 169, 128), (692, 173, 90), (692, 178, 55), (692, 188, 27), (692, 196, 14), (692, 205, 33), (692, 244, 121), (692, 250, 104), (692, 264, 94), (692, 279, 119), (692, 283, 119), (692, 289, 81), (692, 308, 19), (692, 314, 11), (692, 321, 30), (692, 328, 38), (692, 358, 137), (692, 365, 144), (692, 378, 107), (692, 385, 106), (692, 394, 115), (692, 406, 86), (692, 414, 25), (692, 421, 9), (692, 428, 13), (692, 436, 41), (692, 465, 194), (692, 474, 263), (692, 483, 238), (692, 492, 244), (692, 518, 135), (692, 527, 74), (692, 595, 246), (692, 625, 89), (692, 634, 54), (692, 642, 16), (692, 651, 37), (692, 718, 166), (718, 0, 199), (718, 25, 190), (718, 73, 81), (718, 84, 93), (718, 111, 185), (718, 119, 183), (718, 169, 140), (718, 173, 97), (718, 178, 73), (718, 188, 36), (718, 196, 25), (718, 205, 42), (718, 244, 170), (718, 250, 155), (718, 264, 122), (718, 279, 192), (718, 283, 143), (718, 289, 121), (718, 308, 42), (718, 314, 32), (718, 321, 50), (718, 328, 65), (718, 358, 159), (718, 365, 168), (718, 378, 148), (718, 385, 136), (718, 394, 173), (718, 406, 128), (718, 414, 57), (718, 421, 41), (718, 428, 37), (718, 436, 58), (718, 465, 252), (718, 474, 209), (718, 483, 131), (718, 492, 185), (718, 518, 273), (718, 527, 175), (718, 595, 158), (718, 625, 236), (718, 634, 166), (718, 642, 110), (718, 651, 146), (718, 692, 166)