1.000000000 -0.000000000 -0.000000000 0.000000000 -0.000000000 1.000000000 0.000000000 -0.000000060 -0.000000000 0.000000000 1.000000000 -0.000000000
0.999991596 -0.002373688 -0.003336248 -0.003552889 0.002366372 0.999994814 -0.002194904 -0.005379703 0.003341441 0.002186991 0.999992013 0.664475203
0.999971330 -0.001050884 -0.007500893 -0.012758992 0.001023942 0.999993026 -0.003594805 -0.010505249 0.007504618 0.003587021 0.999965429 1.358504176
0.999932468 -0.001912586 -0.011459043 -0.016910683 0.001853324 0.999984801 -0.005180043 -0.007727121 0.011468777 0.005158456 0.999920905 2.055507898
0.999867022 -0.000537493 -0.016295521 -0.035579264 0.000440003 0.999981940 -0.005985615 -0.009554481 0.016298443 0.005977650 0.999849319 2.777451038
0.999783576 -0.001223236 -0.020766033 -0.051748946 0.001092173 0.999979436 -0.006321609 -0.017321445 0.020773338 0.006297562 0.999764442 3.519648075
0.999685705 0.000409388 -0.025066959 -0.078744672 -0.000594514 0.999972582 -0.007378266 -0.028143542 0.025063248 0.007390848 0.999658525 4.265743732
0.999556243 0.002960149 -0.029641313 -0.114942044 -0.003205808 0.999960899 -0.008243615 -0.031174669 0.029615749 0.008334980 0.999526680 5.029825687
0.999403775 0.003477487 -0.034350295 -0.141004398 -0.003695951 0.999973238 -0.006298407 -0.045849722 0.034327459 0.006421609 0.999390006 5.823880672
0.999241769 0.002772160 -0.038836077 -0.176469535 -0.002914991 0.999989152 -0.003621650 -0.053222936 0.038825613 0.003732111 0.999239028 6.619837761
0.999114871 0.002609721 -0.041984219 -0.219643220 -0.002645737 0.999996245 -0.000802329 -0.062962048 0.041981954 0.000912699 0.999117970 7.430875778
0.998996794 0.003788105 -0.044619523 -0.260971069 -0.003868950 0.999990940 -0.001725634 -0.069377758 0.044612586 0.001896533 0.999002516 8.245408058
0.998906732 0.003342257 -0.046627864 -0.308010310 -0.003435079 0.999992192 -0.001910685 -0.075889952 0.046621118 0.002068767 0.998910546 9.064651489
0.998842955 0.000895063 -0.048082955 -0.354460955 -0.001025969 0.999995828 -0.002697876 -0.081051305 0.048080340 0.002744086 0.998839676 9.890898705
0.998716116 0.000000267 -0.050657038 -0.388852715 -0.000090783 0.999998450 -0.001784547 -0.089102924 0.050656967 0.001786855 0.998714507 10.749669075
0.998631120 -0.001447828 -0.052285757 -0.434246033 0.001329654 0.999996543 -0.002294873 -0.094614215 0.052288901 0.002222209 0.998629570 11.601024628
0.998543918 0.000825892 -0.053938344 -0.487399131 -0.001061722 0.999990106 -0.004343720 -0.108150966 0.053934220 0.004394663 0.998534858 12.453294754
0.998468399 0.001188221 -0.055312920 -0.538546801 -0.001570025 0.999975204 -0.006859669 -0.118157059 0.055303399 0.006936005 0.998445392 13.322644234
0.998361468 0.004799809 -0.057021301 -0.596789956 -0.005281199 0.999951661 -0.008294593 -0.132872865 0.056978736 0.008582142 0.998338461 14.198231697
0.998293161 0.006354211 -0.058056638 -0.654326618 -0.006840586 0.999943137 -0.008182704 -0.143217444 0.058001339 0.008565878 0.998279750 15.090543747
0.998222947 0.005053431 -0.059374724 -0.709210157 -0.005441451 0.999964893 -0.006375241 -0.160130814 0.059340417 0.006686996 0.998215377 15.970278740
0.998152614 0.005933471 -0.060466483 -0.773127496 -0.006252823 0.999967396 -0.005093616 -0.170029804 0.060434293 0.005462292 0.998157203 16.868024826
0.998084903 0.005315419 -0.061630268 -0.831246674 -0.005623683 0.999972522 -0.004829457 -0.187524870 0.061602902 0.005166797 0.998087347 17.775484085
0.997986019 0.005228115 -0.063219130 -0.891265392 -0.005596616 0.999968410 -0.005653267 -0.200291082 0.063187584 0.005995694 0.997983634 18.675619125
0.997936606 0.003772967 -0.064096168 -0.956465006 -0.004171787 0.999972761 -0.006089516 -0.215188190 0.064071454 0.006344345 0.997925103 19.589658737
0.997888386 0.003327213 -0.064868011 -1.012308836 -0.003623395 0.999983609 -0.004448799 -0.225371182 0.064852156 0.004674447 0.997883916 20.509382248
0.997894168 0.005295202 -0.064646564 -1.077055931 -0.005407410 0.999984086 -0.001560872 -0.233736515 0.064637266 0.001907155 0.997906983 21.428335190
0.997954190 0.006356677 -0.063616589 -1.142613292 -0.006237912 0.999978364 0.002065330 -0.241965845 0.063628346 -0.001664270 0.997972250 22.361925125
0.998071671 0.005438819 -0.061834197 -1.208095312 -0.005135064 0.999973953 0.005070243 -0.250568688 0.061860163 -0.004742944 0.998073637 23.290330887
0.998146594 0.004900767 -0.060656354 -1.258771300 -0.004520723 0.999969304 0.006401183 -0.263108462 0.060685862 -0.006115110 0.998138189 24.228830338
0.998227060 0.005280670 -0.059285507 -1.314462304 -0.005084728 0.999981225 0.003455420 -0.268670708 0.059302635 -0.003147844 0.998235047 25.171297073
0.998293877 0.005795798 -0.058099013 -1.378407121 -0.005882962 0.999981821 -0.001329338 -0.274035931 0.058090243 0.001668864 0.998309970 26.108495712
0.998354197 0.005484183 -0.057085931 -1.432683825 -0.005726527 0.999975264 -0.004082524 -0.286922365 0.057062130 0.004402709 0.998360932 27.054010391
0.998390853 0.002785429 -0.056638524 -1.482994795 -0.002972649 0.999990284 -0.003221522 -0.294873923 0.056629002 0.003384704 0.998389602 28.013740540
0.998424590 0.000952714 -0.056101263 -1.551493287 -0.000863333 0.999998271 0.001617424 -0.303083926 0.056102712 -0.001566443 0.998423815 28.984855652
0.998353779 -0.002218437 -0.057312947 -1.597653270 0.002522578 0.999983132 0.005234870 -0.318036467 0.057300366 -0.005370829 0.998342574 29.951974869
0.998242557 -0.009356898 -0.058516242 -1.645250559 0.009632173 0.999943793 0.004423934 -0.323745459 0.058471557 -0.004979797 0.998276651 30.925634384
0.998139322 -0.011843067 -0.059812237 -1.701388717 0.011901436 0.999929011 0.000619729 -0.329522192 0.059800658 -0.001330427 0.998209476 31.896135330
0.998061419 -0.011596671 -0.061147172 -1.765148282 0.011411414 0.999929249 -0.003378039 -0.336220235 0.061182015 0.002673715 0.998123109 32.875419617
0.997946858 -0.010036125 -0.063255221 -1.831292868 0.009773400 0.999942303 -0.004461470 -0.340127856 0.063296333 0.003834091 0.997987449 33.869194031
0.997903228 -0.010481379 -0.063868172 -1.897076964 0.010348818 0.999943614 -0.002406011 -0.363934636 0.063889787 0.001740006 0.997955441 34.835987091
0.997834086 -0.007502003 -0.065351605 -1.965083361 0.007541751 0.999971569 0.000361570 -0.376818240 0.065347023 -0.000853652 0.997862279 35.835037231
0.997775197 -0.007062797 -0.066293471 -2.039860487 0.007195269 0.999972582 0.001759735 -0.389473498 0.066279218 -0.002232819 0.997798622 36.820232391
0.997748733 -0.005808390 -0.066811800 -2.116077900 0.006124495 0.999971032 0.004527438 -0.400131851 0.066783570 -0.004926433 0.997755289 37.790718079
0.997739136 -0.005539314 -0.066977300 -2.177917242 0.006039177 0.999955475 0.007262986 -0.405592740 0.066934079 -0.007651055 0.997728050 38.801040649
0.997708976 -0.000066140 -0.067651935 -2.255495310 0.000700401 0.999956071 0.009351686 -0.404139727 0.067648344 -0.009377645 0.997665107 39.785751343
0.997720242 0.000816780 -0.067480750 -2.333812475 -0.000237377 0.999963045 0.008593764 -0.412297398 0.067485273 -0.008558156 0.997683525 40.761180878
0.997690976 0.000135052 -0.067917049 -2.388242483 0.000358544 0.999973595 0.007255394 -0.419040442 0.067916244 -0.007262994 0.997664511 41.771392822
0.997701764 0.002630843 -0.067706577 -2.470137596 -0.002299148 0.999984920 0.004976468 -0.424261481 0.067718662 -0.004809364 0.997692823 42.766788483
0.997647464 0.001736202 -0.068532221 -2.545398474 -0.001385041 0.999985635 0.005171209 -0.428948164 0.068540215 -0.005064124 0.997635484 43.756855011
0.997556925 0.000073830 -0.069858305 -2.608328342 0.000361714 0.999980569 0.006222005 -0.439324141 0.069857396 -0.006232073 0.997537494 44.732189178
0.997506320 0.000473256 -0.070575476 -2.680077553 0.000060240 0.999971449 0.007556906 -0.448914826 0.070577040 -0.007542312 0.997477829 45.713745117
0.997500479 0.003306886 -0.070582323 -2.757156134 -0.003022412 0.999986887 0.004136795 -0.465176314 0.070595071 -0.003913126 0.997497320 46.675277710
0.997430205 0.003650692 -0.071550898 -2.832918644 -0.003680897 0.999993145 -0.000290295 -0.468512952 0.071549363 0.000552921 0.997436881 47.637794495
0.997392833 0.004815785 -0.072003148 -2.910942316 -0.004946910 0.999986351 -0.001642875 -0.475626051 0.071994253 0.001994785 0.997403026 48.608497620
0.997390330 0.003531375 -0.072112292 -2.986564159 -0.003378611 0.999991775 0.002240307 -0.495933414 0.072119609 -0.001990821 0.997393966 49.579856873
0.997353375 0.001572188 -0.072689325 -3.042090893 -0.001199251 0.999985874 0.005173925 -0.502407610 0.072696432 -0.005073059 0.997341156 50.539409637
0.997349441 -0.000041212 -0.072760716 -3.115856886 0.000463233 0.999983191 0.005783257 -0.512821734 0.072759256 -0.005801633 0.997332692 51.502780914
0.997327626 -0.003499917 -0.072974309 -3.186356544 0.003851041 0.999981761 0.004671466 -0.523360550 0.072956614 -0.004940009 0.997322857 52.461891174
0.997273564 -0.006508352 -0.073505886 -3.249109030 0.006782706 0.999970973 0.003483385 -0.531641841 0.073481068 -0.003972457 0.997288704 53.401252747
0.997206986 -0.007950137 -0.074263059 -3.323660851 0.008318105 0.999954760 0.004646929 -0.540519595 0.074222729 -0.005251679 0.997227848 54.354927063
0.997074008 -0.011605907 -0.075555913 -3.392452240 0.012294427 0.999886990 0.008653956 -0.543083072 0.075446934 -0.009557552 0.997104049 55.307437897
0.997017205 -0.011422751 -0.076328948 -3.461367846 0.012502466 0.999828339 0.013682689 -0.551780283 0.076159537 -0.014596178 0.996988833 56.246074677
0.997011900 -0.009664980 -0.076641455 -3.542628050 0.010906984 0.999815702 0.015803391 -0.551422596 0.076474592 -0.016592098 0.996933520 57.192966461
0.996905088 -0.008443243 -0.078160368 -3.618340969 0.009389176 0.999886990 0.011742875 -0.552666247 0.078052387 -0.012440394 0.996871650 58.122985840
0.996812105 -0.006507994 -0.079519063 -3.696420670 0.006844814 0.999968708 0.003963873 -0.560229778 0.079490781 -0.004495530 0.996825516 59.023067474
0.996782601 -0.004879847 -0.080002964 -3.785231113 0.004850440 0.999988079 -0.000561896 -0.575157046 0.080004744 0.000172039 0.996794462 59.955459595
0.996738613 0.000336311 -0.080697343 -3.870585918 -0.000319242 0.999999940 0.000224434 -0.585273206 0.080697425 -0.000197940 0.996738613 60.853290558
0.996621668 0.002867019 -0.082079202 -3.953895569 -0.002651933 0.999992728 0.002729373 -0.599980712 0.082086436 -0.002502484 0.996622086 61.753013611
0.996505797 0.005140112 -0.083365776 -4.023584843 -0.004817041 0.999980152 0.004076019 -0.612563133 0.083385058 -0.003660200 0.996510684 62.631046295
0.996385396 0.005644759 -0.084761553 -4.098143101 -0.005348827 0.999978900 0.003718024 -0.621124148 0.084780730 -0.003251209 0.996394277 63.496841431
0.996269464 0.007506563 -0.085970141 -4.182443142 -0.007125125 0.999963343 0.004742863 -0.632339537 0.086002596 -0.004112622 0.996286452 64.342460632
0.996124089 0.008530237 -0.087545119 -4.260228157 -0.008104558 0.999953508 0.005216689 -0.642220557 0.087585561 -0.004486955 0.996146917 65.185928345
0.996015549 0.007958030 -0.088823922 -4.333896160 -0.007460332 0.999954462 0.005933821 -0.655397296 0.088867106 -0.005247521 0.996029675 65.999847412
0.995924473 0.007371758 -0.089888759 -4.409048557 -0.006776636 0.999953032 0.006924056 -0.659584999 0.089935578 -0.006286694 0.995927751 66.807540894
0.995760202 0.010665424 -0.091365948 -4.486050606 -0.009820937 0.999904811 0.009687541 -0.669534504 0.091460563 -0.008749168 0.995770216 67.599372864
0.995603025 0.012160030 -0.092880294 -4.562477112 -0.010925757 0.999845326 0.013785850 -0.674028158 0.093033560 -0.012710446 0.995581806 68.389442444
0.995446444 0.015374661 -0.094074920 -4.654536247 -0.013974706 0.999781847 0.015522049 -0.677367032 0.094293050 -0.014136697 0.995444119 69.166481018
0.995280445 0.018157264 -0.095327526 -4.734309673 -0.017156379 0.999788880 0.011308642 -0.682374895 0.095512740 -0.009619794 0.995381713 69.914062500
0.995129704 0.018150114 -0.096888676 -4.803432465 -0.017830988 0.999832332 0.004158674 -0.695371687 0.096947916 -0.002410799 0.995286524 70.629211426
0.994983733 0.017343638 -0.098521739 -4.872910023 -0.017582575 0.999844193 -0.001557434 -0.703282773 0.098479375 0.003281888 0.995133698 71.336410522
0.994932294 0.017920887 -0.098937415 -4.949292660 -0.018293843 0.999828517 -0.002863616 -0.707221270 0.098869137 0.004659050 0.995089531 72.032798767
0.994821072 0.020685026 -0.099515632 -5.027610302 -0.020703031 0.999785304 0.000851931 -0.719701350 0.099511907 0.001212756 0.995035648 72.704551697
0.994673550 0.021120036 -0.100888714 -5.100079060 -0.020895692 0.999776304 0.003280080 -0.739051998 0.100935422 -0.001154470 0.994892299 73.350624084
0.994648337 0.018059624 -0.101727791 -5.166562080 -0.018170446 0.999834895 -0.000162806 -0.747383416 0.101708055 0.002010375 0.994812250 73.985107422
0.994768202 0.009630545 -0.101702429 -5.218241692 -0.010216222 0.999934018 -0.005239409 -0.763887107 0.101645268 0.006251013 0.994801044 74.583976746
0.994891405 0.005743712 -0.100787282 -5.272438526 -0.006794950 0.999925911 -0.010090071 -0.770293534 0.100721873 0.010723368 0.994856834 75.198204041
0.995146871 0.008012050 -0.098074399 -5.325897217 -0.009082155 0.999903858 -0.010469573 -0.778675616 0.097981103 0.011309487 0.995124042 75.780693054
0.995521963 0.013034611 -0.093627065 -5.394226551 -0.013790119 0.999877274 -0.007426869 -0.791408122 0.093518771 0.008684739 0.995579720 76.355178833
0.995955169 0.011522328 -0.089109845 -5.436713696 -0.011950715 0.999919415 -0.004275373 -0.803438783 0.089053415 0.005323006 0.996012628 76.902999878
0.996489942 0.008152152 -0.083313867 -5.473441601 -0.008204648 0.999966264 -0.000287736 -0.811382711 0.083308712 0.000970287 0.996523261 77.443428040
0.997169018 0.003751152 -0.075098746 -5.504541874 -0.003512284 0.999988437 0.003312539 -0.825629413 0.075110294 -0.003039394 0.997170627 77.971549988
0.997888625 0.007209614 -0.064545952 -5.535560131 -0.007014749 0.999970138 0.003245135 -0.835141599 0.064567417 -0.002785510 0.997909427 78.489318848
0.998697281 0.012523709 -0.049465265 -5.559198380 -0.012417073 0.999919951 0.002462486 -0.840678811 0.049492128 -0.001845064 0.998772800 78.986358643
0.999356985 0.017612932 -0.031230789 -5.575185299 -0.017524950 0.999841690 0.003088643 -0.849567235 0.031280242 -0.002539339 0.999507368 79.476425171
0.999829471 0.016162761 -0.008945021 -5.568416119 -0.016131278 0.999863446 0.003580573 -0.854549170 0.009001673 -0.003435667 0.999953508 79.959419250
0.999772251 0.012477132 0.017316891 -5.537078381 -0.012556413 0.999911189 0.004477098 -0.861562729 -0.017259488 -0.004693516 0.999840021 80.426521301
0.998865485 0.011452994 0.046225123 -5.484148979 -0.011742051 0.999913156 0.005986542 -0.869838953 -0.046152536 -0.006522526 0.998913050 80.879882812
0.996798635 0.010544392 0.079254754 -5.432592392 -0.011187586 0.999907970 0.007675865 -0.880564213 -0.079166524 -0.008537962 0.996824801 81.306671143
0.993112266 0.010490513 0.116696432 -5.354616165 -0.011471186 0.999904215 0.007735161 -0.882110000 -0.116604127 -0.009020528 0.993137538 81.744674683
0.987243950 0.010473263 0.158869922 -5.268542767 -0.011842524 0.999900460 0.007674450 -0.887150943 -0.158773735 -0.009457974 0.987269700 82.178543091
0.978924692 0.010312160 0.203960851 -5.152586937 -0.012069447 0.999899983 0.007373731 -0.890384257 -0.203864411 -0.009680020 0.978951275 82.589950562
0.967288375 0.012707101 0.253360927 -5.035006523 -0.014681091 0.999874771 0.005902007 -0.905514300 -0.253254294 -0.009428559 0.967353821 82.964553833
0.951871872 0.013638229 0.306192696 -4.876056671 -0.015238179 0.999879837 0.002835476 -0.913140655 -0.306117266 -0.007364830 0.951965392 83.344947815
0.932081461 0.013844235 0.361984044 -4.696641445 -0.015112786 0.999885559 0.000673227 -0.919209182 -0.361933321 -0.006098091 0.932184041 83.713409424
0.907639027 0.014203508 0.419511288 -4.506551743 -0.015168061 0.999884307 -0.001036309 -0.927776575 -0.419477522 -0.005422578 0.907749534 84.056953430
0.878769338 0.014108685 0.477038324 -4.294285774 -0.014576770 0.999890029 -0.002719943 -0.936316431 -0.477024257 -0.004563475 0.878878295 84.368164062
0.845806062 0.012736577 0.533338428 -4.043704033 -0.011922127 0.999916613 -0.004971903 -0.943721533 -0.533357203 -0.002153262 0.845887303 84.660171509
0.808706582 0.012548052 0.588078439 -3.787489176 -0.010538921 0.999921083 -0.006842908 -0.947109640 -0.588117838 -0.000663807 0.808775008 84.948745728
0.768507361 0.011269929 0.639741778 -3.512433290 -0.010122729 0.999933898 -0.005455003 -0.962475061 -0.639760911 -0.002283722 0.768570602 85.221191406
0.726204157 0.010739938 0.687395275 -3.214604139 -0.011695605 0.999926329 -0.003267044 -0.970104575 -0.687379599 -0.005666961 0.726276100 85.466957092
0.681528807 0.009682303 0.731727183 -2.909086943 -0.010654503 0.999937773 -0.003307722 -0.976303697 -0.731713593 -0.005541881 0.681589603 85.681930542
0.635836661 0.007609387 0.771786213 -2.582006216 -0.006258669 0.999969363 -0.004702940 -0.983352244 -0.771798253 -0.001840052 0.635864735 85.878082275
0.589049935 0.005493597 0.808077991 -2.241964340 -0.000095707 0.999977410 -0.006728430 -0.980436087 -0.808096588 0.003886043 0.589037120 86.068336487
0.542049646 0.007761206 0.840310633 -1.926922441 -0.002214262 0.999967158 -0.007807480 -0.990573525 -0.840343535 0.002371375 0.542048991 86.226722717
0.495186985 0.010652204 0.868721128 -1.588474154 -0.005717148 0.999943137 -0.009002360 -0.998761773 -0.868767619 -0.000508756 0.495219707 86.379272461
0.449901104 0.012580704 0.892989814 -1.242125988 -0.006128913 0.999920726 -0.010999344 -1.008273721 -0.893057346 -0.000524439 0.449942529 86.512802124
0.407388121 0.011028785 0.913188577 -0.888383925 0.001115014 0.999920309 -0.012573690 -1.004388809 -0.913254499 0.006140591 0.407343388 86.625068665
0.367500544 0.002763057 0.930019259 -0.522858620 0.015981255 0.999829173 -0.009285512 -1.017964363 -0.929885983 0.018275306 0.367393553 86.719467163
0.331531972 -0.000416819 0.943443835 -0.166308612 0.019569490 0.999787748 -0.006435129 -1.020399928 -0.943240941 0.020596169 0.331469774 86.814506531
0.298086256 0.003720678 0.954531729 0.197454616 0.017020667 0.999812663 -0.009212485 -1.026537538 -0.954387128 0.018992878 0.297967136 86.910537720
0.267457038 0.011124050 0.963505626 0.571196318 0.006570034 0.999889016 -0.013367871 -1.043314934 -0.963547409 0.009905597 0.267354250 87.008087158
0.238812119 0.015503233 0.970942020 0.958047569 0.001581924 0.999864995 -0.016354144 -1.061572909 -0.971064508 0.005441525 0.238755360 87.098770142
0.213052362 0.017210921 0.976889193 1.355549216 0.002476060 0.999832094 -0.018155145 -1.078548074 -0.977037609 0.006286833 0.212973982 87.172378540
0.189732656 0.018647803 0.981658757 1.758209109 0.009901643 0.999732375 -0.020904906 -1.087794900 -0.981785834 0.013686378 0.189497247 87.221694946
0.169796243 0.024742870 0.985168576 2.170094013 0.016675673 0.999469459 -0.027976140 -1.090353966 -0.985338092 0.021178594 0.169293582 87.263336182
0.150137618 0.031823117 0.988152921 2.592178822 0.019236680 0.999198496 -0.035101619 -1.086097002 -0.988477945 0.024278855 0.149405137 87.314361572
0.131943971 0.032509211 0.990723908 3.071494818 0.016904345 0.999242783 -0.035040066 -1.101393580 -0.991113007 0.021370862 0.131294549 87.390060425
0.116613753 0.028128421 0.992778838 3.528040409 0.014882061 0.999437153 -0.030065143 -1.126335502 -0.993065774 0.018280605 0.116129480 87.437225342
0.102064453 0.024961319 0.994464517 3.997484446 0.015035663 0.999532163 -0.026631672 -1.145940304 -0.994664133 0.017670581 0.101641372 87.480209351
0.088894367 0.022741346 0.995781362 4.478173256 0.017168410 0.999555826 -0.024360189 -1.162349105 -0.995893061 0.019261466 0.088464424 87.509315491
0.076999553 0.021655967 0.996795952 5.002686501 0.020631641 0.999515414 -0.023308786 -1.178637981 -0.996817589 0.022360301 0.076515451 87.544654846
0.066777237 0.022318840 0.997518301 5.516662598 0.023836371 0.999428868 -0.023957275 -1.193199873 -0.997483134 0.025377015 0.066207089 87.570739746
0.058818392 0.022946168 0.998005033 6.041043758 0.025955239 0.999362707 -0.024507085 -1.208989978 -0.997931182 0.027344922 0.058185335 87.595634460
0.053420447 0.023137793 0.998304069 6.589130402 0.027399071 0.999321282 -0.024627523 -1.227406502 -0.998196185 0.028668215 0.052750230 87.617729187
0.047972012 0.024414085 0.998550236 7.154695034 0.028682752 0.999255240 -0.025809286 -1.236476541 -0.998436689 0.029879296 0.047236033 87.638519287
0.042255178 0.025010653 0.998793840 7.729550838 0.029139256 0.999230385 -0.026254361 -1.253894448 -0.998681784 0.030213486 0.041493874 87.655609131
0.037671465 0.024818409 0.998981953 8.334247589 0.031633627 0.999160826 -0.026015751 -1.273864865 -0.998789370 0.032581475 0.036854766 87.676414490
0.034755360 0.024932399 0.999084771 8.959770203 0.033012282 0.999114573 -0.026081547 -1.291346192 -0.998850465 0.033888549 0.033901509 87.694961548
0.031700812 0.024378713 0.999200046 9.598806381 0.034055870 0.999095678 -0.025456630 -1.310744047 -0.998917043 0.034835622 0.030841906 87.712341309
0.029356930 0.023762576 0.999286473 10.249766350 0.035923380 0.999046504 -0.024812216 -1.330941319 -0.998923242 0.036626160 0.028475307 87.728919983
0.028710799 0.023419350 0.999313354 10.926554680 0.040436085 0.998879969 -0.024570944 -1.349968910 -0.998769581 0.041113771 0.027731657 87.741142273
0.029672939 0.023249477 0.999289274 11.612890244 0.043866791 0.998735785 -0.024539186 -1.368470311 -0.998596609 0.044563767 0.028615555 87.757331848
0.032205272 0.023396360 0.999207437 12.316525459 0.045563865 0.998652160 -0.024851922 -1.385283709 -0.998442173 0.046328120 0.031095836 87.777664185
0.035976771 0.023154253 0.999084413 13.044416428 0.047666244 0.998553872 -0.024858410 -1.408194542 -0.998215139 0.048516925 0.034821071 87.804664612
0.040348206 0.022438513 0.998933613 13.781667709 0.048547979 0.998522937 -0.024390200 -1.434337258 -0.998005450 0.049480312 0.039199270 87.832092285
0.043959640 0.020746853 0.998817801 14.533542633 0.050157439 0.998477578 -0.022947297 -1.455480576 -0.997773290 0.051106900 0.042852107 87.873077393
0.048026893 0.019225819 0.998660982 15.308284760 0.049839463 0.998523235 -0.021620007 -1.476466060 -0.997601807 0.050811071 0.046997771 87.913864136
0.052505296 0.016996311 0.998475969 16.091758728 0.046775084 0.998715878 -0.019460082 -1.499820352 -0.997524559 0.047725555 0.051642869 87.953643799
0.055981029 0.015990434 0.998303771 16.883216858 0.045815643 0.998777330 -0.018567188 -1.520418644 -0.997380078 0.046777342 0.055179968 88.015380859
0.060287394 0.016928509 0.998037517 17.689687729 0.043260135 0.998872459 -0.019555841 -1.543905616 -0.997243226 0.044354200 0.059487086 88.068054199
0.063565336 0.020886736 0.997758985 18.496263504 0.040713593 0.998894393 -0.023504287 -1.572626710 -0.997146726 0.042116418 0.062644683 88.115219116
0.064773768 0.026223175 0.997555256 19.295425415 0.034885515 0.998984158 -0.028525937 -1.597897768 -0.997289896 0.036647968 0.063793153 88.179771423
0.064522959 0.028980656 0.997495294 20.105209351 0.031915098 0.999006987 -0.031089000 -1.630465269 -0.997405708 0.033841118 0.063533969 88.242645264
0.064642645 0.029049058 0.997485578 20.919477463 0.029488446 0.999084055 -0.031006623 -1.656243801 -0.997472703 0.031418651 0.063726820 88.299819946
0.064716876 0.027227852 0.997532189 21.731101990 0.026557168 0.999226570 -0.028997054 -1.690924287 -0.997550249 0.028368231 0.063943736 88.360389709
0.065019563 0.025873831 0.997548521 22.548610687 0.027850460 0.999227345 -0.027732644 -1.725109696 -0.997495234 0.029585352 0.064248718 88.408599854
0.064725585 0.025118083 0.997586846 23.379751205 0.025278421 0.999321103 -0.026801860 -1.762804151 -0.997582853 0.026952192 0.064046703 88.480567932
0.065051615 0.025325263 0.997560501 24.192243576 0.023384001 0.999364734 -0.026895953 -1.796925664 -0.997607887 0.025076577 0.064418092 88.536743164
0.064806670 0.026170490 0.997554660 24.997879028 0.020517563 0.999409795 -0.027552094 -1.828006983 -0.997686803 0.022252953 0.064231455 88.598823547
0.063779831 0.027359437 0.997588813 25.810628891 0.017906019 0.999431849 -0.028554782 -1.863257527 -0.997803390 0.019684069 0.063253708 88.654106140
0.060842764 0.027066875 0.997780263 26.625301361 0.014641489 0.999500573 -0.028006345 -1.894677401 -0.998040020 0.016312975 0.060416080 88.713615417
0.056940876 0.025932373 0.998040617 27.439315796 0.012279999 0.999568820 -0.026672682 -1.926254511 -0.998302042 0.013774706 0.056597877 88.768630981
0.052128058 0.023360413 0.998367131 28.253013611 0.010417643 0.999659121 -0.023934588 -1.958739042 -0.998586059 0.011648295 0.051866934 88.813323975
0.046200611 0.021145759 0.998708367 29.066865921 0.008429113 0.999731958 -0.021557370 -1.990265369 -0.998896599 0.009414188 0.046009995 88.853469849
0.038527884 0.021655969 0.999022841 29.875471115 0.008191465 0.999724627 -0.021987094 -2.017085314 -0.999224007 0.009030579 0.038339883 88.886436462
0.030073144 0.022250881 0.999300063 30.660909653 0.007085569 0.999722302 -0.022473522 -2.052148581 -0.999522507 0.007756456 0.029907132 88.904167175
0.020189179 0.022646550 0.999539733 31.462009430 0.007619226 0.999710917 -0.022804329 -2.077502489 -0.999767125 0.008076120 0.020010794 88.917953491
0.009754995 0.022001373 0.999710441 32.265010834 0.009357099 0.999712169 -0.022092717 -2.104786634 -0.999908507 0.009569902 0.009546322 88.929092407
-0.001023691 0.020900512 0.999781132 33.060646057 0.008392594 0.999746501 -0.020891201 -2.135123491 -0.999964237 0.008369370 -0.001198838 88.926757812
-0.012208896 0.020034835 0.999724686 33.833213806 0.009668944 0.999754786 -0.019917361 -2.158097506 -0.999878705 0.009423112 -0.012399619 88.917434692
-0.023053106 0.020333216 0.999527335 34.613620758 0.009719000 0.999750435 -0.020113595 -2.184672117 -0.999687016 0.009250726 -0.023244973 88.895179749
-0.034551490 0.021271991 0.999176443 35.386142731 0.009830947 0.999732196 -0.020943871 -2.210880518 -0.999354541 0.009099209 -0.034751367 88.870086670
-0.044745479 0.022027889 0.998755515 36.161590576 0.009681521 0.999719441 -0.021615401 -2.243275166 -0.998951495 0.008702280 -0.044946190 88.827583313
-0.055230465 0.023172369 0.998204768 36.926029205 0.010186438 0.999691725 -0.022643274 -2.267222166 -0.998421669 0.008917552 -0.055449486 88.786346436
-0.064704992 0.023665529 0.997623742 37.683528900 0.011310177 0.999671936 -0.022980547 -2.300275087 -0.997840405 0.009796344 -0.064951435 88.731811523
-0.074569277 0.024456326 0.996915817 38.453914642 0.011648237 0.999652386 -0.023652166 -2.319891691 -0.997147739 0.009848588 -0.074828245 88.677391052
-0.083792150 0.024654837 0.996178150 39.193531036 0.012147355 0.999644756 -0.023718877 -2.351071119 -0.996409178 0.010113474 -0.084061898 88.614341736
-0.092434026 0.024429020 0.995419025 39.927497864 0.013467152 0.999638200 -0.023282010 -2.373786926 -0.995627701 0.011253409 -0.092729576 88.542083740
-0.099974148 0.022729246 0.994730353 40.653285980 0.014898219 0.999661148 -0.021344582 -2.407572269 -0.994878411 0.012685803 -0.100278892 88.468948364
-0.104619682 0.021658653 0.994276464 41.385440826 0.018759750 0.999627888 -0.019801285 -2.430119276 -0.994335353 0.016580768 -0.104987055 88.375564575
-0.107911386 0.020037211 0.993958592 42.090766907 0.022075757 0.999598622 -0.017754205 -2.454769611 -0.993915379 0.020026505 -0.108310409 88.285537720
-0.110887334 0.019175854 0.993648052 42.798271179 0.023569047 0.999583364 -0.016660182 -2.475059271 -0.993553519 0.021571934 -0.111293115 88.208831787
-0.112850092 0.018120890 0.993446887 43.483306885 0.023353541 0.999605775 -0.015580400 -2.500251055 -0.993337572 0.021442248 -0.113228813 88.136016846
-0.113504775 0.018807955 0.993359387 44.143035889 0.024830302 0.999562204 -0.016088199 -2.518859863 -0.993227184 0.022839328 -0.113922089 88.057617188
-0.112139724 0.019539602 0.993500352 44.792243958 0.025267595 0.999539375 -0.016806338 -2.542256355 -0.993371189 0.023218708 -0.112581804 87.980850220
-0.109298877 0.021404471 0.993778408 45.416351318 0.026445268 0.999476850 -0.018618671 -2.563537836 -0.993657112 0.024245739 -0.109807745 87.916397095
-0.104255274 0.021780632 0.994311929 46.042045593 0.026483478 0.999466538 -0.019116700 -2.587817669 -0.994197786 0.024339829 -0.104776472 87.852279663
-0.096286178 0.022499189 0.995099247 46.639202118 0.025917569 0.999462187 -0.020090034 -2.608148813 -0.995016098 0.023856163 -0.096817516 87.799690247
-0.085003458 0.022240482 0.996132314 47.222610474 0.024990028 0.999483883 -0.020182822 -2.634533405 -0.996067107 0.023177767 -0.085515372 87.758285522
-0.071441032 0.022447720 0.997192144 47.776611328 0.023923475 0.999497652 -0.020785686 -2.659818411 -0.997157812 0.022371350 -0.071942173 87.728279114
-0.054465216 0.023725631 0.998233736 48.310157776 0.023120789 0.999479592 -0.022493733 -2.685603857 -0.998247862 0.021854825 -0.054985426 87.717643738
-0.033285353 0.026310980 0.999099493 48.830135345 0.020855172 0.999454081 -0.025625521 -2.709438801 -0.999228239 0.019983443 -0.033815894 87.712730408
-0.008552205 0.029343775 0.999532819 49.353321075 0.018903542 0.999395490 -0.029178001 -2.733173847 -0.999784648 0.018645175 -0.009101734 87.726806641
0.019323179 0.031017518 0.999332130 49.867725372 0.016934913 0.999365211 -0.031346001 -2.755645752 -0.999669850 0.017529307 0.018785635 87.764686584
0.052289531 0.030276267 0.998172879 50.376548767 0.013966021 0.999420404 -0.031045716 -2.780844688 -0.998534262 0.015563874 0.051836390 87.813774109
0.091774926 0.027223716 0.995407581 50.846080780 0.013237971 0.999504626 -0.028556280 -2.809500694 -0.995691717 0.015797928 0.091369055 87.849296570
0.133776844 0.024139091 0.990717471 51.373172760 0.011280622 0.999601483 -0.025878778 -2.824674845 -0.990947306 0.014637890 0.133451223 87.950347900
0.179426357 0.019685782 0.983574450 51.858436584 0.008360303 0.999733150 -0.021534299 -2.847873926 -0.983735919 0.012086801 0.179213881 88.061538696
0.227739081 0.016419634 0.973583758 52.346698761 0.004018737 0.999833465 -0.017802397 -2.865000963 -0.973713994 0.007966877 0.227635160 88.206222534
0.279583126 0.015134074 0.960002184 52.816261292 0.000273655 0.999874532 -0.015842339 -2.880224943 -0.960121453 0.004691961 0.279543936 88.374679565
0.334375083 0.014672874 0.942325830 53.262126923 -0.001446197 0.999885678 -0.015055960 -2.897690296 -0.942438900 0.003671549 0.334358066 88.566352844
0.389296144 0.015421517 0.920983493 53.650730133 0.001599562 0.999846935 -0.017418185 -2.912204981 -0.921111226 0.008254002 0.389211953 88.811935425
0.449857801 0.017890863 0.892920911 54.070247650 0.002710388 0.999767303 -0.021397179 -2.935625553 -0.893096030 0.012045852 0.449704677 89.050033569
0.510340512 0.021058798 0.859714448 54.470256805 0.003495119 0.999641061 -0.026561068 -2.954702616 -0.859965205 0.016559998 0.510083854 89.312850952
0.568995297 0.026412081 0.821916461 54.823112488 -0.000034037 0.999484777 -0.032094631 -2.951569319 -0.822340786 0.018233720 0.568703115 89.598846436
0.621894300 0.028994342 0.782564163 55.099960327 -0.003550965 0.999408603 -0.034206599 -2.969754696 -0.783093035 0.018494038 0.621629477 89.926841736
0.675480962 0.029498477 0.736787021 55.427856445 -0.005262366 0.999366820 -0.035186782 -2.992000580 -0.737358630 0.019890763 0.675208569 90.267021179
0.724313200 0.027147202 0.688936353 55.719093323 -0.005182733 0.999410748 -0.033932425 -3.010363102 -0.689451575 0.021007132 0.724027157 90.627395630
0.767925262 0.025580348 0.640028417 55.948303223 -0.008815529 0.999529779 -0.029371576 -3.016926527 -0.640478849 0.016912991 0.767789602 91.012702942
0.810981154 0.020999812 0.584695160 56.204238892 -0.009190341 0.999689519 -0.023157533 -3.022479534 -0.584999919 0.013406777 0.810922503 91.392005920
0.847845554 0.019091845 0.529899478 56.425365448 -0.011922285 0.999785304 -0.016945651 -3.030058384 -0.530109346 0.008049681 0.847891092 91.815353394
0.878940046 0.015503758 0.476680189 56.608135223 -0.012524923 0.999877095 -0.009426020 -3.041125059 -0.476767749 0.002314524 0.879026234 92.244995117
0.904722273 0.016669106 0.425675511 56.772014618 -0.016597800 0.999854743 -0.003876862 -3.052135229 -0.425678283 -0.003557793 0.904867530 92.678260803
0.924352169 0.018896783 0.381072253 56.875984192 -0.020454949 0.999790728 0.000038703 -3.070984364 -0.380991787 -0.007830587 0.924545228 93.074813843
0.939592421 0.024657827 0.341406047 57.006591797 -0.027220938 0.999625862 0.002718157 -3.075629711 -0.341211259 -0.011847353 0.939911962 93.537635803
0.951465964 0.028960053 0.306388378 57.116561890 -0.031051081 0.999515891 0.001951813 -3.077619553 -0.306183517 -0.011370772 0.951904595 93.997909546
0.960676849 0.031399660 0.275887668 57.221233368 -0.033263657 0.999444485 0.002078419 -3.077230692 -0.275669128 -0.011173720 0.961187601 94.461128235
0.966761172 0.025945311 0.254361153 57.330120087 -0.027474318 0.999619484 0.002459760 -3.083933353 -0.254200578 -0.009366401 0.967106164 94.926460266
0.970821619 0.022905640 0.238706172 57.439750671 -0.024491984 0.999693274 0.003681254 -3.096654892 -0.238548622 -0.009420228 0.971084774 95.408447266
0.973565280 0.027933123 0.226694360 57.524333954 -0.029410828 0.999562502 0.003142842 -3.101326942 -0.226507381 -0.009727033 0.973960817 95.914115906
0.975606441 0.033309307 0.216985077 57.618675232 -0.034942780 0.999382496 0.003694538 -3.097864866 -0.216728032 -0.011186476 0.976167858 96.420021057
0.976814687 0.039509248 0.210409284 57.725372314 -0.040867236 0.999162316 0.002108072 -3.088887453 -0.210149750 -0.010658039 0.977611125 96.913467407
0.977137148 0.045424175 0.207700849 57.818782806 -0.046151489 0.998933554 -0.001345192 -3.094268084 -0.207540438 -0.008271266 0.978191495 97.432228088
0.977282405 0.047189072 0.206621259 57.930942535 -0.047388781 0.998868585 -0.003985394 -3.102305412 -0.206575543 -0.005896672 0.978412926 97.966323853
0.976683855 0.046050012 0.209685251 58.039184570 -0.045403022 0.998937547 -0.007900822 -3.109533310 -0.209826291 -0.001803737 0.977737010 98.505424500
0.975980520 0.044969440 0.213165998 58.169673920 -0.042970739 0.998978257 -0.014002634 -3.121054649 -0.213577881 0.004506400 0.976915658 99.053451538
0.975265384 0.044006314 0.216612399 58.308822632 -0.040878791 0.998985291 -0.018900052 -3.120186090 -0.217224330 0.009577711 0.976074755 99.603569031
0.974072456 0.048329484 0.221014246 58.432212830 -0.045236874 0.998794854 -0.019036127 -3.123945951 -0.221667901 0.008544573 0.975084841 100.183898926
0.972574115 0.051717401 0.226770625 58.560089111 -0.049637374 0.998656690 -0.014869201 -3.140494823 -0.227234975 0.003205100 0.973834634 100.777679443
0.971640885 0.048345637 0.231466383 58.707965851 -0.047213584 0.998830378 -0.010431057 -3.149843216 -0.231699929 -0.000793119 0.972786963 101.371788025
0.970864356 0.044569384 0.235448346 58.858573914 -0.044762943 0.998987377 -0.004525421 -3.167037010 -0.235411614 -0.006145792 0.971876383 101.996055603
0.970055163 0.042210188 0.239188567 59.014610291 -0.043567151 0.999050379 0.000386397 -3.178301573 -0.238945112 -0.010795588 0.970973074 102.612274170
0.969484389 0.037492860 0.242268816 59.173957825 -0.038876526 0.999243617 0.000931543 -3.183734179 -0.242050618 -0.010321685 0.970208704 103.249305725
0.969513714 0.034005813 0.242665678 59.335414886 -0.034471206 0.999402940 -0.002329150 -3.189855576 -0.242599994 -0.006106836 0.970107257 103.891906738
0.969628453 0.033370413 0.242295191 59.498580933 -0.032100335 0.999442339 -0.009188808 -3.199903488 -0.242466733 0.001131973 0.970159054 104.538261414
0.969817758 0.035780024 0.241191491 59.658859253 -0.032944161 0.999332607 -0.015781282 -3.209405184 -0.241595179 0.007359115 0.970349193 105.174453735
0.970460653 0.038621671 0.238148078 59.821441650 -0.034907214 0.999194503 -0.019796412 -3.215811729 -0.238720790 0.010898553 0.971027076 105.849815369
0.971027434 0.037372742 0.236027569 59.983669281 -0.034651045 0.999276578 -0.015670158 -3.222898722 -0.236442491 0.007037551 0.971619904 106.547920227
0.971403837 0.033363424 0.235077620 60.149040222 -0.032419357 0.999443233 -0.007880642 -3.241596937 -0.235209674 0.000034222 0.971944571 107.256202698
0.972023726 0.033422064 0.232492760 60.319274902 -0.033964716 0.999421597 -0.001669846 -3.259833813 -0.232414141 -0.006273421 0.972596705 107.975563049
0.972274542 0.037030596 0.230891496 60.479610443 -0.037469525 0.999294639 -0.002485219 -3.269190550 -0.230820701 -0.006235079 0.972976387 108.703033447
0.972596228 0.042432606 0.228595793 60.638286591 -0.041930158 0.999095619 -0.007056628 -3.278110743 -0.228688508 -0.002721809 0.973495901 109.431755066
0.973438025 0.043615341 0.224757999 60.801624298 -0.041959528 0.999045432 -0.012140669 -3.290926933 -0.225072950 0.002387450 0.974339008 110.160362244
0.974441648 0.041996595 0.220680639 60.972381592 -0.039609268 0.999099076 -0.015233966 -3.301238775 -0.221121594 0.006103611 0.975227177 110.916473389
0.975370765 0.040271934 0.216864005 61.139835358 -0.038265195 0.999177098 -0.013446400 -3.316055298 -0.217227042 0.004816882 0.976109266 111.687782288
0.976230204 0.036332957 0.213669270 61.310569763 -0.034717537 0.999333143 -0.011309194 -3.333311081 -0.213937670 0.003622305 0.976840556 112.467674255
0.976660311 0.034960862 0.211925343 61.479858398 -0.033942044 0.999388099 -0.008444570 -3.347190142 -0.212090880 0.001054296 0.977249384 113.261459351
0.976990044 0.032248668 0.210832775 61.648883820 -0.031652685 0.999479651 -0.006201737 -3.359248161 -0.210923105 -0.000614390 0.977502465 114.063751221
0.977246404 0.026829708 0.210403264 61.821678162 -0.026366921 0.999639690 -0.005004967 -3.371612787 -0.210461766 -0.000656601 0.977601886 114.846260071
0.977336824 0.027816510 0.209854469 61.988323212 -0.027713636 0.999609947 -0.003431443 -3.383017778 -0.209868088 -0.002462155 0.977726579 115.648574829
0.977104962 0.033364415 0.210125253 62.156028748 -0.032944568 0.999441981 -0.005499078 -3.394411802 -0.210191518 -0.001549309 0.977658987 116.472000122
0.976844668 0.038500790 0.210456789 62.326915741 -0.037500694 0.999258339 -0.008742306 -3.406449080 -0.210637286 0.000647600 0.977564096 117.288970947
0.976247966 0.047285877 0.211432740 62.490310669 -0.046152744 0.998881280 -0.010293822 -3.417263508 -0.211682975 0.000291122 0.977338374 118.120681763
0.975308001 0.053170502 0.214352354 62.656871796 -0.052251186 0.998584330 -0.009956602 -3.428282261 -0.214578271 -0.001489410 0.976705670 118.946632385
0.974500179 0.055698846 0.217363641 62.831790924 -0.055286922 0.998438537 -0.007980893 -3.450327396 -0.217468783 -0.004239986 0.976058125 119.778366089
0.973900259 0.056281958 0.219887376 63.016174316 -0.055790048 0.998406708 -0.008451346 -3.474077702 -0.220012709 -0.004036758 0.975488603 120.620941162
0.973537862 0.054704234 0.221881464 63.200305939 -0.053500801 0.998502314 -0.011435107 -3.485568047 -0.222174719 -0.000738325 0.975006521 121.453422546
0.973533809 0.048519574 0.223332793 63.395812988 -0.047457658 0.998821974 -0.010122888 -3.501512051 -0.223560855 -0.000743877 0.974689722 122.298408508
0.973843455 0.042180266 0.223270431 63.598327637 -0.040614527 0.999107540 -0.011602198 -3.526067019 -0.223560572 0.002230703 0.974687517 123.124359131
0.973641992 0.041024931 0.224361703 63.792457581 -0.039456423 0.999155462 -0.011471850 -3.547497272 -0.224642798 0.002316968 0.974438429 123.957481384
0.973043859 0.043790620 0.226424485 63.980804443 -0.042926542 0.999040008 -0.008740982 -3.562813759 -0.226589859 -0.001214258 0.973989487 124.807052612
0.972659051 0.045602456 0.227716222 64.166893005 -0.046165463 0.998929739 -0.002856167 -3.579361439 -0.227602735 -0.007734547 0.973723412 125.648468018
0.972213805 0.049609076 0.228777409 64.348754883 -0.051239993 0.998685598 0.001190511 -3.597193003 -0.228417650 -0.012879983 0.973478019 126.483413696
0.972004116 0.048744090 0.229852363 64.539306641 -0.048878331 0.998791575 -0.005113094 -3.614829540 -0.229823887 -0.006264851 0.973212063 127.298316956
0.972325742 0.044823699 0.229288712 64.734367371 -0.041425258 0.998948932 -0.019616058 -3.633999825 -0.229927003 0.009574857 0.973160684 128.104705811
