0.999999940 -0.000000000 -0.000000000 0.000000007 -0.000000000 1.000000000 0.000000000 0.000000060 -0.000000000 0.000000000 0.999999940 -0.000000002
0.999991536 -0.002381838 -0.003342898 -0.003585791 0.002374491 0.999994755 -0.002200073 -0.005419829 0.003348121 0.002192117 0.999991953 0.664329946
0.999971211 -0.001083002 -0.007499581 -0.012778442 0.001056081 0.999992967 -0.003592722 -0.010696448 0.007503420 0.003584698 0.999965370 1.358281970
0.999933183 -0.001728004 -0.011430009 -0.020395461 0.001671931 0.999986589 -0.004913501 -0.012865760 0.011438346 0.004894062 0.999922574 2.073085785
0.999866068 -0.000132446 -0.016373448 -0.036895566 0.000038583 0.999983549 -0.005732832 -0.014870274 0.016373936 0.005731433 0.999849498 2.795869350
0.999782860 -0.000710975 -0.020827947 -0.053136569 0.000585175 0.999981582 -0.006045463 -0.022694798 0.020831857 0.006031961 0.999764800 3.538247347
0.999696195 0.000623947 -0.024637874 -0.092022747 -0.000796669 0.999975145 -0.007001207 -0.034316249 0.024632895 0.007018710 0.999671876 4.300019264
0.999567211 0.003130884 -0.029251374 -0.127486110 -0.003363631 0.999962986 -0.007910972 -0.036857378 0.029225526 0.008005938 0.999540746 5.063803673
0.999409497 0.003793479 -0.034149323 -0.150234371 -0.004006241 0.999972939 -0.006164091 -0.048752841 0.034125015 0.006297261 0.999397695 5.855004787
0.999249458 0.003196664 -0.038605008 -0.185831144 -0.003334919 0.999988258 -0.003517396 -0.055844739 0.038593311 0.003643500 0.999248266 6.650382519
0.999120653 0.002970934 -0.041819796 -0.228049830 -0.003003210 0.999995232 -0.000708994 -0.064862646 0.041817486 0.000833964 0.999124885 7.462723255
0.999004066 0.004161866 -0.044427305 -0.268663049 -0.004239477 0.999989629 -0.001652842 -0.073094733 0.044419970 0.001839544 0.999011278 8.277464867
0.998913050 0.003717401 -0.046464201 -0.315058172 -0.003807463 0.999991059 -0.001849962 -0.079555795 0.046456907 0.002024862 0.998918295 9.096388817
0.998849630 0.001221892 -0.047937773 -0.361516088 -0.001346020 0.999995828 -0.002557176 -0.085167438 0.047934450 0.002618759 0.998847127 9.923070908
0.998726904 0.000544343 -0.050439943 -0.395299971 -0.000624310 0.999998569 -0.001569639 -0.094946533 0.050439015 0.001599131 0.998725832 10.761511803
0.998647630 -0.000881227 -0.051980436 -0.441175073 0.000777802 0.999997616 -0.002009880 -0.101448551 0.051982082 0.001966731 0.998646021 11.610430717
0.998552978 0.001286294 -0.053759471 -0.493258387 -0.001513796 0.999990106 -0.004191355 -0.112873137 0.053753544 0.004266671 0.998545110 12.465259552
0.998484135 0.002026142 -0.055001982 -0.548065245 -0.002393002 0.999975443 -0.006604893 -0.126398429 0.054987241 0.006726501 0.998464406 13.332190514
0.998374403 0.005799951 -0.056700327 -0.606654048 -0.006271050 0.999947250 -0.008134177 -0.139459893 0.056650158 0.008476524 0.998358190 14.206223488
0.998303771 0.007102200 -0.057785414 -0.662806749 -0.007577892 0.999939203 -0.008017090 -0.149803296 0.057724953 0.008441383 0.998296857 15.101163864
0.998221636 0.005634172 -0.059344757 -0.713909209 -0.006010817 0.999962926 -0.006170121 -0.165932283 0.059307795 0.006515860 0.998218477 15.987227440
0.998151422 0.006440119 -0.060433380 -0.777406394 -0.006743017 0.999965727 -0.004809481 -0.176740572 0.060400337 0.005208093 0.998160660 16.885704041
0.998092234 0.005943604 -0.061453134 -0.837684155 -0.006231321 0.999970496 -0.004491289 -0.194260150 0.061424628 0.004865655 0.998099804 17.789608002
0.997983634 0.005924645 -0.063193515 -0.893984199 -0.006288060 0.999964774 -0.005553487 -0.204842135 0.063158400 0.005939654 0.997985840 18.693214417
0.997931778 0.004571151 -0.064118706 -0.958967030 -0.004982029 0.999968112 -0.006249638 -0.217193514 0.064088106 0.006556153 0.997922719 19.606903076
0.997888446 0.004074444 -0.064823374 -1.015738010 -0.004370371 0.999980688 -0.004423977 -0.229623556 0.064804092 0.004697938 0.997886956 20.525531769
0.997883856 0.006302757 -0.064715058 -1.077935815 -0.006403154 0.999978542 -0.001344072 -0.237343580 0.064705200 0.001755608 0.997902870 21.452999115
0.997941077 0.007338197 -0.063716508 -1.143263340 -0.007206349 0.999971330 0.002298863 -0.244917497 0.063731559 -0.001834967 0.997965395 22.384975433
0.998053432 0.006574161 -0.062016360 -1.206672430 -0.006252942 0.999966025 0.005372256 -0.254607737 0.062049571 -0.004974014 0.998060644 23.317291260
0.998143613 0.005858826 -0.060621485 -1.262327671 -0.005483919 0.999964833 0.006348935 -0.263140500 0.060656551 -0.006004705 0.998140574 24.263824463
0.998224258 0.006289002 -0.059235383 -1.316785812 -0.006097528 0.999975622 0.003412629 -0.269484371 0.059255403 -0.003045379 0.998238146 25.203607559
0.998280525 0.006872039 -0.058212325 -1.379755735 -0.006956825 0.999975026 -0.001253955 -0.275720268 0.058202256 0.001656772 0.998303354 26.146118164
0.998345375 0.006638570 -0.057117704 -1.431532621 -0.006884830 0.999967933 -0.004115703 -0.286915720 0.057088546 0.004502138 0.998358905 27.095790863
0.998393834 0.003975620 -0.056514882 -1.483707905 -0.004170602 0.999985695 -0.003332557 -0.294982910 0.056500833 0.003562906 0.998396158 28.054193497
0.998405695 0.002194873 -0.056404494 -1.544905424 -0.002094511 0.999996066 0.001838389 -0.306713730 0.056408312 -0.001717317 0.998406291 29.027114868
0.998357832 -0.001085346 -0.057275388 -1.598577976 0.001390544 0.999985039 0.005289017 -0.319445640 0.057268798 -0.005359975 0.998344421 29.990066528
0.998244762 -0.008314761 -0.058637671 -1.644136310 0.008593993 0.999952853 0.004511423 -0.325167060 0.058597401 -0.005007434 0.998269200 30.966030121
0.998153269 -0.010746794 -0.059787180 -1.700011253 0.010818830 0.999941111 0.000881324 -0.333599180 0.059774183 -0.001526524 0.998210728 31.930767059
0.998064578 -0.010458540 -0.061299097 -1.761515141 0.010286489 0.999942243 -0.003121674 -0.339770496 0.061328195 0.002485080 0.998114586 32.912364960
0.997934759 -0.009834193 -0.063478380 -1.825400710 0.009622550 0.999947190 -0.003638954 -0.349950492 0.063510820 0.003020615 0.997976542 33.902057648
0.997889876 -0.009985912 -0.064156324 -1.891124368 0.009859040 0.999948800 -0.002293861 -0.359830558 0.064175934 0.001656502 0.997937202 34.892765045
0.997836173 -0.006586587 -0.065418199 -1.961836576 0.006636323 0.999977887 0.000543001 -0.375313669 0.065413170 -0.000975962 0.997857809 35.887031555
0.997758985 -0.006276175 -0.066616617 -2.025201321 0.006415188 0.999977708 0.001873022 -0.389167249 0.066603370 -0.002296182 0.997776926 36.872817993
0.997702003 -0.005227044 -0.067553371 -2.102682352 0.005532672 0.999975204 0.004337959 -0.395456374 0.067529030 -0.004701742 0.997706234 37.879196167
0.997711658 -0.004521613 -0.067461707 -2.165180445 0.005047431 0.999958158 0.007625921 -0.410730749 0.067424402 -0.007948979 0.997692764 38.862457275
0.997701466 0.000585475 -0.067760080 -2.247739315 0.000075564 0.999952435 0.009752606 -0.409023046 0.067762561 -0.009735311 0.997653902 39.863533020
0.997692227 0.001001730 -0.067890599 -2.320637465 -0.000394073 0.999959767 0.008963333 -0.413577527 0.067896843 -0.008915895 0.997652471 40.855693817
0.997685909 0.000941471 -0.067984767 -2.387675285 -0.000463338 0.999975145 0.007048371 -0.413501501 0.067989700 -0.007000563 0.997661412 41.844074249
0.997683942 0.003291302 -0.067940362 -2.460281849 -0.002946886 0.999982297 0.005168993 -0.424565017 0.067956172 -0.004956808 0.997676015 42.840286255
0.997610748 0.002610200 -0.069036119 -2.527958632 -0.002233921 0.999982238 0.005527110 -0.433197051 0.069049321 -0.005359683 0.997598827 43.837650299
0.997503877 0.000616224 -0.070608623 -2.596028090 -0.000148757 0.999978065 0.006625603 -0.438520491 0.070611157 -0.006598560 0.997482121 44.834217072
0.997465014 0.001220750 -0.071147151 -2.667267084 -0.000674312 0.999970078 0.007703911 -0.448184699 0.071154423 -0.007636407 0.997435987 45.813259125
0.997437239 0.003587399 -0.071455486 -2.739681959 -0.003297825 0.999985874 0.004170078 -0.459636390 0.071469426 -0.003923745 0.997435033 46.785011292
0.997377336 0.004002637 -0.072265655 -2.823099852 -0.004017890 0.999991953 -0.000065695 -0.466926217 0.072264805 0.000355878 0.997385383 47.754776001
0.997336507 0.004852889 -0.072775081 -2.894848108 -0.004970985 0.999986649 -0.001441723 -0.470968395 0.072767109 0.001799646 0.997347355 48.721111298
0.997347414 0.003749588 -0.072690926 -2.970513821 -0.003588387 0.999990880 0.002348083 -0.485947222 0.072699070 -0.002081011 0.997351766 49.702751160
0.997341394 0.001760945 -0.072848618 -3.044065714 -0.001389011 0.999985814 0.005155914 -0.492788166 0.072856657 -0.005041020 0.997329712 50.674350739
0.997316897 -0.000002619 -0.073204897 -3.107611179 0.000437438 0.999982417 0.005923721 -0.503439963 0.073203593 -0.005939849 0.997299314 51.620025635
0.997299910 -0.003262720 -0.073364355 -3.180103779 0.003616756 0.999982536 0.004693386 -0.511994123 0.073347770 -0.004946053 0.997294128 52.577526093
0.997253954 -0.006276836 -0.073791593 -3.246725798 0.006568147 0.999971509 0.003705758 -0.525973201 0.073766239 -0.004180255 0.997266769 53.525737762
0.997169554 -0.007767074 -0.074784346 -3.319587708 0.008153060 0.999954939 0.004857433 -0.535843313 0.074743256 -0.005453405 0.997187912 54.481956482
0.997056961 -0.010845757 -0.075893320 -3.390316486 0.011540186 0.999895334 0.008717502 -0.537805855 0.075790830 -0.009567670 0.997077882 55.425849915
0.996999621 -0.011631113 -0.076528028 -3.456324339 0.012744320 0.999819756 0.014074134 -0.546613932 0.076350540 -0.015007200 0.996968031 56.362800598
0.996999979 -0.009866518 -0.076771840 -3.539455175 0.011145676 0.999805808 0.016251216 -0.545586824 0.076596603 -0.017058130 0.996916175 57.312248230
0.996893108 -0.008758588 -0.078277677 -3.614684820 0.009724499 0.999881089 0.011966886 -0.544416189 0.078163564 -0.012690915 0.996859729 58.242244720
0.996779025 -0.006615167 -0.079923548 -3.684723616 0.006966820 0.999967158 0.004121813 -0.550936341 0.079893656 -0.004665348 0.996792376 59.143848419
0.996718407 -0.005278502 -0.080774307 -3.767618418 0.005273215 0.999986053 -0.000278764 -0.564258218 0.080774657 -0.000148091 0.996732354 60.078865051
0.996686280 -0.000089320 -0.081341475 -3.857266903 0.000133140 0.999999821 0.000533294 -0.574254572 0.081341408 -0.000542357 0.996686101 60.980800629
0.996565402 0.002671869 -0.082766049 -3.939094067 -0.002440942 0.999992907 0.002891196 -0.588812947 0.082773171 -0.002679239 0.996564806 61.876461029
0.996479869 0.005222506 -0.083669625 -4.016440392 -0.004871094 0.999978364 0.004403585 -0.601532280 0.083690815 -0.003980521 0.996483684 62.764030457
0.996366024 0.005924833 -0.084968753 -4.092751503 -0.005606470 0.999976218 0.003984975 -0.608538985 0.084990352 -0.003494119 0.996375561 63.629825592
0.996238947 0.007711983 -0.086303458 -4.174500942 -0.007306729 0.999960780 0.005010595 -0.619539678 0.086338684 -0.004361154 0.996256292 64.473731995
0.996100605 0.008454329 -0.087818027 -4.252079964 -0.007986798 0.999952018 0.005673875 -0.630220771 0.087861769 -0.004950366 0.996120393 65.316116333
0.995982826 0.008235590 -0.089164749 -4.326716423 -0.007714777 0.999951124 0.006184076 -0.643012047 0.089211315 -0.005471347 0.995997667 66.134605408
0.995883584 0.007519021 -0.090328917 -4.400125504 -0.006899829 0.999950528 0.007165170 -0.645468116 0.090378314 -0.006512421 0.995886207 66.940994263
0.995747626 0.010710429 -0.091498181 -4.485760689 -0.009851067 0.999903023 0.009838619 -0.651598692 0.091594674 -0.008895427 0.995756686 67.743347168
0.995593131 0.012345934 -0.092961006 -4.559229851 -0.011073626 0.999837935 0.014189871 -0.663295388 0.093121141 -0.013097926 0.995568514 68.530281067
0.995393515 0.015288780 -0.094646424 -4.641143322 -0.013868678 0.999781430 0.015643945 -0.661956847 0.094864927 -0.014259264 0.995387971 69.305038452
0.995244324 0.018371623 -0.095662013 -4.724877357 -0.017309781 0.999779105 0.011918047 -0.676400781 0.095859833 -0.010205480 0.995342553 70.052452087
0.995113194 0.018328780 -0.097024970 -4.798457146 -0.017970225 0.999828100 0.004568141 -0.681760430 0.097092025 -0.002802255 0.995271504 70.773780823
0.994958937 0.017527895 -0.098739773 -4.868529320 -0.017729977 0.999842107 -0.001169428 -0.691147566 0.098703682 0.002914187 0.995112479 71.490791321
0.994909883 0.018036231 -0.099141151 -4.941736698 -0.018372722 0.999828100 -0.002482050 -0.694322348 0.099079326 0.004290910 0.995070219 72.184181213
0.994799256 0.020779876 -0.099713527 -5.022822857 -0.020771304 0.999783635 0.001124244 -0.704770088 0.099715322 0.000952783 0.995015502 72.864517212
0.994653225 0.021214029 -0.101068653 -5.093879223 -0.020956146 0.999773920 0.003612713 -0.723798394 0.101122431 -0.001475387 0.994872868 73.516754150
0.994639277 0.017976630 -0.101830393 -5.160011292 -0.018050924 0.999837101 0.000191915 -0.733154655 0.101817243 0.001647247 0.994801700 74.144645691
0.994724333 0.009790537 -0.102114566 -5.209380627 -0.010346252 0.999934375 -0.004913837 -0.746185303 0.102059759 0.005944417 0.994760513 74.763748169
0.994849920 0.005861851 -0.101188198 -5.262607574 -0.006887063 0.999928415 -0.009785373 -0.753772616 0.101123601 0.010431868 0.994819164 75.358810425
0.995148122 0.008024094 -0.098059453 -5.322051525 -0.009062789 0.999907494 -0.010151690 -0.763505578 0.097968929 0.010991129 0.995128810 75.942741394
0.995495498 0.013194142 -0.093885876 -5.385800362 -0.013912878 0.999878705 -0.007004961 -0.779107928 0.093782052 0.008279630 0.995558262 76.515472412
0.995931923 0.011657549 -0.089351401 -5.434569836 -0.012066571 0.999919116 -0.004038866 -0.787380934 0.089297064 0.005100599 0.995991945 77.073104858
0.996457815 0.007907160 -0.083721921 -5.470798492 -0.007942506 0.999968469 -0.000089118 -0.793919504 0.083718568 0.000753764 0.996489167 77.619445801
0.997165442 0.003473754 -0.075159706 -5.502126217 -0.003222007 0.999988794 0.003470488 -0.810056508 0.075170912 -0.003218487 0.997165442 78.142501831
0.997873664 0.007113831 -0.064790785 -5.529997349 -0.006896791 0.999969840 0.003572924 -0.822220743 0.064814262 -0.003118477 0.997892439 78.664527893
0.998685658 0.012322942 -0.049750760 -5.555547237 -0.012188325 0.999921262 0.003008280 -0.829343081 0.049783923 -0.002397948 0.998757064 79.166503906
0.999353588 0.017323481 -0.031502616 -5.573548317 -0.017212467 0.999844730 0.003791612 -0.838616908 0.031563424 -0.003246923 0.999496460 79.662384033
0.999830484 0.015844153 -0.009385257 -5.562464714 -0.015804250 0.999865890 0.004310718 -0.843931973 0.009452311 -0.004161660 0.999946654 80.139648438
0.999784708 0.012269838 0.016729688 -5.532451630 -0.012354718 0.999911368 0.004979831 -0.847288132 -0.016667102 -0.005185450 0.999847591 80.591117859
0.998877645 0.011133897 0.046038851 -5.485152721 -0.011454824 0.999911785 0.006712819 -0.857911468 -0.045960054 -0.007232652 0.998917043 81.046089172
0.996803105 0.010633531 0.079186320 -5.429971695 -0.011314886 0.999902725 0.008160694 -0.864787519 -0.079091832 -0.009030588 0.996826351 81.496910095
0.993085206 0.010805880 0.116897449 -5.356927872 -0.011835244 0.999897003 0.008115123 -0.862537026 -0.116797723 -0.009442518 0.993110776 81.939079285
0.987323225 0.010805797 0.158354476 -5.267722607 -0.012246911 0.999891937 0.008127505 -0.870047629 -0.158249572 -0.009963826 0.987348855 82.336296082
0.979035437 0.010350354 0.203426525 -5.151700974 -0.012270102 0.999891281 0.008178060 -0.878174484 -0.203319743 -0.010502673 0.979056060 82.751785278
0.967577338 0.012571257 0.252261609 -5.016416073 -0.014540093 0.999876618 0.005942080 -0.885005951 -0.252155781 -0.009417327 0.967640817 83.154029846
0.952036619 0.013869077 0.305669904 -4.866143703 -0.015510979 0.999875307 0.002943270 -0.889850616 -0.305590957 -0.007543337 0.952133060 83.540138245
0.932457566 0.014463504 0.360990047 -4.682224274 -0.015508341 0.999879658 -0.000002486 -0.888295829 -0.360946685 -0.005596038 0.932569623 83.903327942
0.908043742 0.014319552 0.418630570 -4.501904964 -0.015309804 0.999882340 -0.000993464 -0.905697703 -0.418595523 -0.005507044 0.908156037 84.229942322
0.878989935 0.014658975 0.476615041 -4.282217979 -0.014890524 0.999883711 -0.003291233 -0.908651352 -0.476607889 -0.004204087 0.879105866 84.557060242
0.845544159 0.013561762 0.533733308 -4.040283680 -0.012423252 0.999906540 -0.005725864 -0.914559543 -0.533761024 -0.001789234 0.845633388 84.860160828
0.808618307 0.013120589 0.588187337 -3.777086258 -0.010980948 0.999913752 -0.007208690 -0.923222721 -0.588231146 -0.000629777 0.808692515 85.152214050
0.768469989 0.012082172 0.639771879 -3.502184153 -0.010152893 0.999926090 -0.006688453 -0.929921985 -0.639805377 -0.001355660 0.768535733 85.424812317
0.726553857 0.010796870 0.687024772 -3.209694624 -0.011511817 0.999927521 -0.003540093 -0.948570907 -0.687013149 -0.005336836 0.726625323 85.657844543
0.683087885 0.009465136 0.730274916 -2.906144381 -0.009687898 0.999945521 -0.003898442 -0.950290620 -0.730271876 -0.004411850 0.683142424 85.847091675
0.636358798 0.008209673 0.771349609 -2.587857008 -0.006555625 0.999964833 -0.005234533 -0.957149267 -0.771365285 -0.001725637 0.636390269 86.055145264
0.589568198 0.005532948 0.807699621 -2.253083944 -0.000909329 0.999980569 -0.006186369 -0.965359211 -0.807718039 0.002912821 0.589561760 86.239356995
0.543396652 0.007684559 0.839440882 -1.913900733 -0.003222357 0.999969840 -0.007068167 -0.977543831 -0.839469850 0.001135840 0.543405056 86.404975891
0.495328933 0.010792411 0.868638396 -1.584118366 -0.006810676 0.999940336 -0.008540078 -0.984053254 -0.868678749 -0.001685866 0.495372951 86.572555542
0.449558020 0.012818556 0.893159091 -1.248204708 -0.007370980 0.999916196 -0.010640654 -0.993211329 -0.893220723 -0.001799865 0.449614853 86.708358765
0.406777442 0.010501913 0.913466871 -0.896979988 -0.000011006 0.999934018 -0.011491101 -0.996859431 -0.913527310 0.004664267 0.406750649 86.822349548
0.367876410 0.002516384 0.929871261 -0.522858799 0.015303452 0.999844432 -0.008760106 -1.003197312 -0.929748774 0.017452877 0.367780715 86.906517029
0.332318157 -0.001176028 0.943166614 -0.158369526 0.019311098 0.999798119 -0.005557488 -1.010915399 -0.942969620 0.020060435 0.332273751 86.998237610
0.299527556 0.003007088 0.954082906 0.212638825 0.016693961 0.999825478 -0.008392210 -1.015725851 -0.953941584 0.018441118 0.299425066 87.092567444
0.267863780 0.011081506 0.963393033 0.572372496 0.005260078 0.999902129 -0.012963978 -1.028103709 -0.963442326 0.008540101 0.267779350 87.201576233
0.239548430 0.015578662 0.970759392 0.951996326 0.000401005 0.999869585 -0.016144773 -1.044522405 -0.970884323 0.004256736 0.239510939 87.283195496
0.213965744 0.017045679 0.976692379 1.342201710 0.001704788 0.999839604 -0.017823124 -1.061202288 -0.976839602 0.005478591 0.213902354 87.346168518
0.190251857 0.018222323 0.981566131 1.749531865 0.009146305 0.999751449 -0.020332703 -1.073282361 -0.981692672 0.012846038 0.190037891 87.403968811
0.170268670 0.024563210 0.985091448 2.162262678 0.015871994 0.999491215 -0.027665671 -1.074027181 -0.985269845 0.020345964 0.169792175 87.445983887
0.150728062 0.031612642 0.988069594 2.581775188 0.018752236 0.999217331 -0.034829918 -1.067395091 -0.988397360 0.023778357 0.150017276 87.496810913
0.133188665 0.032090615 0.990570962 3.019934416 0.016607411 0.999263048 -0.034605179 -1.081954718 -0.990951538 0.021059835 0.132557556 87.550735474
0.117728427 0.027798753 0.992656589 3.483553410 0.014286523 0.999457181 -0.029683573 -1.106613517 -0.992943048 0.017676210 0.117267378 87.602500916
0.103023447 0.024630299 0.994373858 3.951989889 0.014480012 0.999550343 -0.026258735 -1.127393842 -0.994573474 0.017103810 0.102620460 87.647880554
0.090039939 0.022212384 0.995690405 4.442163467 0.017715186 0.999557495 -0.023900626 -1.141076446 -0.995780528 0.019790852 0.089606576 87.677520752
0.078516133 0.021557538 0.996679723 4.936341763 0.021571003 0.999495387 -0.023317754 -1.154175043 -0.996679366 0.023330199 0.078011505 87.702102661
0.068179697 0.022171896 0.997426629 5.450615883 0.024932696 0.999402940 -0.023920117 -1.168371439 -0.997361422 0.026499400 0.067586191 87.732170105
0.060282361 0.022921233 0.997918129 5.984124184 0.026874609 0.999336541 -0.024577258 -1.180008888 -0.997819424 0.028300233 0.059626378 87.756744385
0.054850891 0.022964921 0.998230278 6.520962238 0.028486630 0.999292493 -0.024554642 -1.201743722 -0.998088121 0.029783064 0.054157890 87.776603699
0.049467120 0.024037680 0.998486400 7.081962109 0.029853694 0.999228120 -0.025534548 -1.217078924 -0.998329520 0.031071631 0.048711322 87.797744751
0.043480787 0.024725389 0.998748124 7.666661739 0.030053727 0.999208927 -0.026045192 -1.236359596 -0.998602152 0.031148575 0.042703304 87.821060181
0.038827065 0.024558153 0.998944104 8.272480011 0.032501917 0.999137938 -0.025826206 -1.254186749 -0.998717129 0.033470355 0.037995413 87.840896606
0.036069736 0.024684601 0.999044359 8.896780968 0.033805214 0.999092519 -0.025906304 -1.270348549 -0.998777330 0.034707345 0.035202540 87.856750488
0.033053771 0.023935804 0.999166965 9.534335136 0.035361990 0.999059141 -0.025103046 -1.292976260 -0.998827755 0.036162283 0.032176256 87.871208191
0.030640936 0.023375427 0.999257147 10.193696976 0.037161149 0.999008715 -0.024509121 -1.309719920 -0.998839319 0.037884530 0.029741904 87.889694214
0.030315110 0.023026224 0.999275148 10.867960930 0.041905317 0.998826385 -0.024287170 -1.328875542 -0.998661578 0.042611208 0.029314607 87.899604797
0.031159753 0.022820529 0.999253809 11.561429024 0.044992615 0.998694003 -0.024210749 -1.345958710 -0.998501122 0.045713454 0.030092301 87.917640686
0.033563305 0.022819988 0.999176085 12.266386986 0.046764042 0.998608530 -0.024377879 -1.363811612 -0.998341918 0.047543712 0.032449447 87.939414978
0.037233587 0.022847211 0.999045372 12.993173599 0.049137089 0.998487413 -0.024665752 -1.384304523 -0.998097718 0.050008580 0.036054626 87.969078064
0.041761331 0.022113699 0.998882830 13.723952293 0.049602289 0.998476326 -0.024178477 -1.410354018 -0.997895598 0.050556600 0.040600810 87.996078491
0.045626257 0.020557866 0.998746991 14.478851318 0.051154468 0.998428404 -0.022888225 -1.429498196 -0.997648001 0.052134674 0.044502925 88.035461426
0.049312871 0.018944975 0.998603642 15.248205185 0.050883468 0.998474061 -0.021455240 -1.452158689 -0.997486413 0.051870432 0.048273638 88.081596375
0.053627774 0.016821289 0.998419285 16.036085129 0.047770496 0.998670101 -0.019391397 -1.473133087 -0.997417688 0.048734907 0.052752897 88.132492065
0.057668228 0.015829071 0.998210192 16.816541672 0.046920437 0.998726428 -0.018547924 -1.492808223 -0.997232556 0.047906086 0.056852072 88.171813965
0.061732966 0.016857322 0.997950315 17.618768692 0.044187028 0.998830914 -0.019605596 -1.513820767 -0.997114062 0.045306776 0.060915917 88.231483459
0.064702176 0.020413844 0.997695744 18.412651062 0.042047549 0.998846948 -0.023164248 -1.546955705 -0.997018337 0.043449435 0.063769229 88.286994934
0.066258796 0.025663566 0.997472346 19.208812714 0.036211632 0.998948812 -0.028106971 -1.575102329 -0.997145176 0.037982434 0.065259837 88.349403381
0.066111334 0.029024625 0.997390032 20.040708542 0.033564903 0.998946488 -0.031294748 -1.601348162 -0.997247517 0.035546239 0.065067478 88.411346436
0.066080242 0.028936226 0.997394621 20.854629517 0.031485565 0.999021232 -0.031069426 -1.627947092 -0.997317433 0.033456605 0.065104485 88.478050232
0.066267520 0.026766665 0.997442782 21.660308838 0.028713267 0.999174953 -0.028720789 -1.666338801 -0.997388661 0.030543093 0.065444283 88.532165527
0.066060081 0.025844892 0.997480869 22.486049652 0.029226195 0.999185443 -0.027824620 -1.699997544 -0.997387528 0.030990662 0.065250926 88.589004517
0.066433236 0.024792066 0.997482777 23.319654465 0.026627595 0.999291122 -0.026610436 -1.738358855 -0.997435451 0.028328383 0.065725975 88.655090332
0.066549651 0.025091723 0.997467577 24.133218765 0.025074393 0.999325871 -0.026811402 -1.770981669 -0.997467935 0.026795182 0.065875627 88.716583252
0.066705503 0.025778748 0.997439623 24.946872711 0.022027085 0.999384522 -0.027302112 -1.801897168 -0.997529447 0.023791889 0.066096619 88.776283264
0.065348849 0.027164517 0.997492671 25.750738144 0.018928844 0.999415755 -0.028456980 -1.838491321 -0.997682869 0.020741018 0.064796478 88.840599060
0.062278111 0.026896410 0.997696280 26.578077316 0.016615866 0.999470353 -0.027981428 -1.867102146 -0.997920454 0.018320216 0.061798211 88.898918152
0.058732908 0.025571063 0.997946203 27.388898849 0.014168536 0.999549866 -0.026446026 -1.898891568 -0.998173118 0.015692689 0.058344163 88.948707581
0.053366747 0.022914972 0.998311937 28.202163696 0.012386797 0.999644578 -0.023607720 -1.932847977 -0.998498082 0.013625754 0.053063937 89.002662659
0.047502063 0.021148171 0.998647213 29.017147064 0.010117083 0.999714375 -0.021652007 -1.959510326 -0.998819888 0.011131911 0.047274537 89.041809082
0.040016331 0.021466568 0.998968422 29.820863724 0.009837525 0.999712288 -0.021876622 -1.988474250 -0.999150574 0.010702800 0.039793644 89.075073242
0.031370845 0.022321437 0.999258578 30.623899460 0.009251942 0.999701262 -0.022621786 -2.018190861 -0.999464989 0.009954746 0.031154957 89.099822998
0.021449752 0.022759482 0.999510825 31.423479080 0.010497107 0.999680638 -0.022988619 -2.044810772 -0.999714792 0.010985072 0.021203993 89.114685059
0.011316285 0.022152890 0.999690533 32.222106934 0.012003406 0.999679565 -0.022288522 -2.068843365 -0.999863923 0.012251914 0.011046747 89.120697021
0.000252731 0.020938359 0.999780715 33.015148163 0.010608073 0.999724448 -0.020939859 -2.102549553 -0.999943674 0.010611040 0.000030549 89.123886108
-0.010793824 0.020069694 0.999740303 33.799980164 0.011959043 0.999729574 -0.019940363 -2.128304958 -0.999870181 0.011740701 -0.011030923 89.110549927
-0.021743536 0.020342838 0.999556601 34.581691742 0.012024245 0.999725938 -0.020084724 -2.155179977 -0.999691248 0.011582199 -0.021982186 89.090202332
-0.032872971 0.020999180 0.999238908 35.353282928 0.012476349 0.999709904 -0.020598633 -2.182250738 -0.999381602 0.011789715 -0.033125427 89.063003540
-0.043083500 0.022136418 0.998826146 36.131675720 0.012343476 0.999689937 -0.021623138 -2.212460279 -0.998995185 0.011397388 -0.043343373 89.023208618
-0.053757202 0.023284489 0.998282492 36.897544861 0.012811324 0.999661863 -0.022626778 -2.236236334 -0.998471916 0.011572967 -0.054037325 88.984687805
-0.062992610 0.023759754 0.997731090 37.654994965 0.014172850 0.999637067 -0.022910327 -2.269045115 -0.997913361 0.012697514 -0.063306488 88.929054260
-0.072808839 0.024387866 0.997047663 38.424499512 0.014180733 0.999625266 -0.023415372 -2.295050859 -0.997245073 0.012434022 -0.073127389 88.877601624
-0.082047977 0.024685247 0.996322572 39.162559509 0.014854275 0.999612451 -0.023543494 -2.325047493 -0.996517718 0.012867953 -0.082382865 88.815071106
-0.090661541 0.024287801 0.995585620 39.897373199 0.016173536 0.999606609 -0.022913080 -2.348684072 -0.995750368 0.014024802 -0.091018692 88.743919373
-0.098378472 0.022997001 0.994883418 40.618751526 0.017693400 0.999615371 -0.021356780 -2.378375769 -0.994991720 0.015501820 -0.098747522 88.671401978
-0.103291951 0.021479536 0.994419098 41.360385895 0.021047723 0.999590158 -0.019404968 -2.405226469 -0.994428337 0.018925881 -0.103701696 88.587829590
-0.106631264 0.019979134 0.994097888 42.065868378 0.024460504 0.999548256 -0.017464934 -2.428292274 -0.993997693 0.022453824 -0.107071780 88.499427795
-0.109571263 0.018865816 0.993799865 42.776035309 0.025680432 0.999539793 -0.016143391 -2.450970650 -0.993647158 0.023752358 -0.110005319 88.422309875
-0.111452863 0.017983558 0.993606985 43.459083557 0.025540633 0.999557793 -0.015226370 -2.474188328 -0.993441463 0.023680329 -0.111862890 88.349800110
-0.112116165 0.018436769 0.993524015 44.123146057 0.026931928 0.999516964 -0.015508794 -2.495349646 -0.993330061 0.025018733 -0.112558544 88.272048950
-0.110936739 0.019346202 0.993639171 44.773483276 0.027368782 0.999490798 -0.016404498 -2.516978264 -0.993450522 0.025374833 -0.111409731 88.197341919
-0.107995681 0.021269884 0.993923783 45.394493103 0.028443880 0.999427974 -0.018297078 -2.536602497 -0.993744373 0.026295045 -0.108538896 88.134918213
-0.103023387 0.021471221 0.994447052 46.015899658 0.028459676 0.999421358 -0.018630236 -2.561253786 -0.994271696 0.026382294 -0.103574835 88.070426941
-0.095099658 0.022226237 0.995219529 46.609458923 0.027858187 0.999418616 -0.019657984 -2.581570625 -0.995077848 0.025855545 -0.095663548 88.020332336
-0.083793759 0.022130135 0.996237218 47.193305969 0.026794961 0.999441862 -0.019947590 -2.605740070 -0.996122777 0.025022652 -0.084339969 87.978630066
-0.070189603 0.022257207 0.997285306 47.748691559 0.025704833 0.999459445 -0.020496609 -2.631324768 -0.997202396 0.024196401 -0.070723779 87.947990417
-0.053294908 0.023238756 0.998308361 48.277191162 0.024746330 0.999452889 -0.021944311 -2.661705732 -0.998272061 0.023534946 -0.053840827 87.939834595
-0.031959623 0.026223240 0.999145091 48.822006226 0.022998862 0.999410391 -0.025494536 -2.678401947 -0.999224484 0.022164406 -0.032543879 87.935470581
-0.007214963 0.029296281 0.999544740 49.346469879 0.021017272 0.999354362 -0.029138997 -2.701303244 -0.999753058 0.020797467 -0.007826034 87.950630188
0.020656886 0.030908035 0.999308705 49.858840942 0.019361608 0.999322236 -0.031308677 -2.724911928 -0.999599099 0.019994969 0.020044452 87.989082336
0.053684633 0.030344464 0.998096764 50.368103027 0.016028445 0.999383211 -0.031245701 -2.748251915 -0.998429298 0.017675353 0.053165141 88.038246155
0.092731714 0.027037179 0.995323956 50.837406158 0.014866626 0.999482155 -0.028535221 -2.781549454 -0.995580077 0.017443232 0.092281751 88.079162598
0.134766698 0.024207929 0.990581572 51.365570068 0.013666632 0.999561191 -0.026286686 -2.791237116 -0.990783095 0.017080482 0.134376690 88.180801392
0.180318862 0.019942738 0.983406007 51.849250793 0.010808769 0.999693930 -0.022254959 -2.812561989 -0.983548760 0.014642397 0.180048108 88.293426514
0.228928640 0.016729156 0.973299444 52.339214325 0.006358483 0.999805391 -0.018680310 -2.829712391 -0.973422468 0.010465166 0.228777707 88.434623718
0.280436903 0.015241480 0.959751487 52.806373596 0.002579934 0.999858439 -0.016632253 -2.848034859 -0.959869027 0.007140393 0.280357808 88.607231140
0.335293800 0.014894865 0.941995800 53.253433228 0.001084735 0.999868333 -0.016196042 -2.864041567 -0.942112982 0.006452249 0.335233450 88.798446655
0.390890509 0.015754988 0.920302212 53.658267975 0.003828432 0.999817014 -0.018742325 -2.875383615 -0.920429170 0.010849511 0.390758693 89.024345398
0.451487601 0.018338498 0.892088830 54.078105927 0.004693802 0.999726236 -0.022926714 -2.899051666 -0.892265022 0.014538417 0.451277852 89.263000488
0.511644959 0.021472115 0.858928561 54.474227905 0.005484340 0.999585748 -0.028255265 -2.918959141 -0.859179378 0.019167321 0.511315227 89.527732849
0.570493519 0.026853977 0.820862889 54.831142426 0.001679850 0.999425054 -0.033862997 -2.916414022 -0.821300447 0.020697545 0.570120394 89.813255310
0.624001861 0.029013785 0.780884027 55.158565521 -0.001773346 0.999360502 -0.035714213 -2.936165810 -0.781420827 0.020900957 0.623654306 90.156127930
0.677265584 0.029630404 0.735141754 55.483776093 -0.003685348 0.999312818 -0.036882799 -2.957521439 -0.735729396 0.022270193 0.676909387 90.500053406
0.726271391 0.027108779 0.686873376 55.777065277 -0.003654100 0.999360323 -0.035577983 -2.979748964 -0.687398374 0.023329362 0.725905776 90.858375549
0.770501077 0.025087513 0.636944711 56.020404816 -0.006949661 0.999496520 -0.030960543 -2.988598108 -0.637400746 0.019428585 0.770287514 91.242210388
0.812155366 0.021072613 0.583060563 56.277053833 -0.008144237 0.999659598 -0.024784831 -2.993818998 -0.583384275 0.015380550 0.812050700 91.649383545
0.848860621 0.019095421 0.528271675 56.496681213 -0.010927099 0.999767661 -0.018580215 -3.002872705 -0.528503716 0.009999536 0.848872006 92.073410034
0.879802346 0.015965777 0.475071430 56.677997589 -0.012020728 0.999863446 -0.011340886 -3.012094021 -0.475187600 0.004267035 0.879874170 92.505180359
0.905472338 0.016732872 0.424075276 56.837211609 -0.015838008 0.999858677 -0.005634915 -3.027044058 -0.424109578 -0.001614247 0.905609369 92.930862427
0.925107718 0.018689010 0.379244506 56.942409515 -0.019561945 0.999807417 -0.001551793 -3.048655987 -0.379200429 -0.005983183 0.925295174 93.319107056
0.940268099 0.024634704 0.339542210 57.072650909 -0.026574420 0.999646425 0.001063465 -3.053773880 -0.339395911 -0.010023081 0.940590143 93.792694092
0.952096343 0.028850237 0.304434031 57.182456970 -0.030401615 0.999537706 0.000355953 -3.057391405 -0.304283053 -0.009594187 0.952533364 94.252738953
0.961235940 0.031366464 0.273936987 57.285739899 -0.032723028 0.999464393 0.000382878 -3.057011127 -0.273778290 -0.009332083 0.961747527 94.717086792
0.967273653 0.025884537 0.252411515 57.393447876 -0.026892046 0.999638259 0.000541942 -3.061655760 -0.252306193 -0.007312067 0.967619777 95.183532715
0.971333563 0.022934025 0.236611322 57.503776550 -0.024055740 0.999708951 0.001854527 -3.077126980 -0.236499920 -0.007493224 0.971602559 95.664558411
0.974089205 0.027802259 0.224448681 57.589061737 -0.028870754 0.999582112 0.001479394 -3.083367109 -0.224313781 -0.007921065 0.974484742 96.171325684
0.976129711 0.033096820 0.214651421 57.681686401 -0.034369767 0.999406815 0.002199688 -3.082158804 -0.214451283 -0.009524699 0.976688206 96.681503296
0.977328181 0.039358351 0.208039448 57.786392212 -0.040303618 0.999187410 0.000305183 -3.072205544 -0.207858369 -0.008683005 0.978120327 97.166282654
0.977660000 0.045180812 0.205279648 57.879550934 -0.045517560 0.998958766 -0.003083957 -3.079115152 -0.205205232 -0.006328767 0.978698492 97.685508728
0.977784336 0.046915356 0.204295576 57.988052368 -0.046717133 0.998891354 -0.005795836 -3.087007523 -0.204340994 -0.003877026 0.978892028 98.223136902
0.977211177 0.045866378 0.207255170 58.096843719 -0.044867758 0.998947620 -0.009518873 -3.097666740 -0.207473636 0.000002872 0.978240550 98.761894226
0.976531684 0.044164643 0.210797220 58.224964142 -0.041699249 0.999000013 -0.016128533 -3.101446867 -0.211298719 0.006959936 0.977396667 99.310874939
0.975782335 0.043675948 0.214338526 58.362071991 -0.040176973 0.998979032 -0.020655997 -3.109067917 -0.215021878 0.011544288 0.976540983 99.861473083
0.974503875 0.048462704 0.219074190 58.478939056 -0.045075096 0.998774469 -0.020438075 -3.119342566 -0.219796225 0.010042194 0.975494087 100.446273804
0.973106503 0.051496021 0.224525362 58.610755920 -0.049038768 0.998660386 -0.016510760 -3.131897926 -0.225074828 0.005056278 0.974328399 101.034729004
0.972154975 0.048262909 0.229314670 58.756359100 -0.046751764 0.998834133 -0.012021403 -3.143645287 -0.229627520 0.000965800 0.973278105 101.629936218
0.971415281 0.044192575 0.233236313 58.906253815 -0.043985676 0.999013603 -0.006090905 -3.161785603 -0.233275399 -0.004342262 0.972401023 102.255393982
0.970672548 0.041867178 0.236731783 59.064121246 -0.042798698 0.999083102 -0.001205019 -3.174296379 -0.236565113 -0.008962135 0.971574247 102.870353699
0.970128357 0.037102100 0.239738137 59.223060608 -0.038080242 0.999274611 -0.000552536 -3.182140350 -0.239584699 -0.008593256 0.970837355 103.507484436
0.970125496 0.033627857 0.240261540 59.380897522 -0.033664532 0.999425352 -0.003952807 -3.187832832 -0.240256399 -0.004253573 0.970700026 104.150566101
0.970277607 0.033027451 0.239730284 59.543838501 -0.031352822 0.999450088 -0.010796908 -3.199020624 -0.239955008 0.002959777 0.970779419 104.793952942
0.970441222 0.035274915 0.238745734 59.702312469 -0.032019999 0.999334037 -0.017499361 -3.209239006 -0.239204019 0.009337462 0.970924437 105.433967590
0.971084118 0.038079064 0.235681057 59.863220215 -0.033977646 0.999192595 -0.021440698 -3.217178106 -0.236307204 0.012812834 0.971593916 106.109359741
0.971657097 0.036566600 0.233549520 60.024337769 -0.033473533 0.999291658 -0.017195107 -3.228471756 -0.234012857 0.008890021 0.972192764 106.808509827
0.972022653 0.032708645 0.232598782 60.187042236 -0.031360276 0.999463141 -0.009493526 -3.245909691 -0.232784405 0.001933562 0.972526431 107.514778137
0.972643375 0.032858137 0.229967728 60.358253479 -0.032973647 0.999450624 -0.003341720 -3.265712976 -0.229951158 -0.004332572 0.973192513 108.236770630
0.972892106 0.036508840 0.228359431 60.517024994 -0.036513533 0.999324203 -0.004205853 -3.275972366 -0.228358641 -0.004246367 0.973567784 108.965194702
0.973208606 0.041874953 0.226078004 60.672996521 -0.040961631 0.999122441 -0.008731480 -3.286812544 -0.226245254 -0.000762971 0.974070072 109.696464539
0.974056602 0.043044709 0.222173005 60.837673187 -0.040964521 0.999063015 -0.013964856 -3.297169685 -0.222565919 0.004501349 0.974907160 110.427368164
0.975032926 0.041398667 0.218166947 61.006328583 -0.038625389 0.999109805 -0.016963081 -3.309862375 -0.218674958 0.008112781 0.975763977 111.184555054
0.975975752 0.039619960 0.214246452 61.173072815 -0.037216514 0.999190927 -0.015241727 -3.325391531 -0.214677036 0.006902048 0.976660669 111.956970215
0.976817429 0.035652507 0.211084366 61.341392517 -0.033620998 0.999347448 -0.013206378 -3.342115641 -0.211417452 0.005803354 0.977378607 112.737648010
0.977236271 0.034348238 0.209354773 61.508083344 -0.032910198 0.999404728 -0.010349656 -3.357765198 -0.209585637 0.003224152 0.977784932 113.530036926
0.977550626 0.031672757 0.208306700 61.673446655 -0.030656936 0.999497175 -0.008104013 -3.371362686 -0.208458617 0.001536037 0.978029966 114.331916809
0.977814853 0.026215130 0.207824051 61.848510742 -0.025338084 0.999655247 -0.006881491 -3.383870363 -0.207932815 0.001462961 0.978141963 115.121536255
0.977925360 0.027159929 0.207181841 62.014568329 -0.026647750 0.999631047 -0.005263006 -3.397060156 -0.207248330 -0.000374102 0.978288233 115.925514221
0.977681994 0.032761168 0.207520008 62.178791046 -0.031925622 0.999463022 -0.007375042 -3.409953833 -0.207650170 0.000585242 0.978202939 116.749382019
0.977414310 0.037867844 0.207911596 62.346187592 -0.036446486 0.999278724 -0.010664264 -3.422882080 -0.208165452 0.002845760 0.978089511 117.568168640
0.976822317 0.046538524 0.208931163 62.507843018 -0.044956785 0.998912990 -0.012315783 -3.434191465 -0.209277198 0.002637463 0.977852821 118.398857117
0.975911856 0.052278284 0.211809099 62.672420502 -0.050906323 0.998632193 -0.011929158 -3.447539568 -0.212143019 0.000859387 0.977238297 119.225059509
0.975114107 0.055008952 0.214770421 62.845851898 -0.054156605 0.998483896 -0.009855541 -3.471344709 -0.214986920 -0.002020956 0.976614833 120.061645508
0.974507868 0.055656094 0.217340201 63.026325226 -0.054713063 0.998448431 -0.010359004 -3.496831656 -0.217579484 -0.001796418 0.976040959 120.899742126
0.974186957 0.053950842 0.219201073 63.211071014 -0.052308243 0.998542547 -0.013294660 -3.510139942 -0.219598830 0.001485461 0.975589156 121.731796265
0.974157572 0.048093162 0.220689997 63.403919220 -0.046637874 0.998842120 -0.011803137 -3.531657934 -0.221002117 0.001205602 0.975272655 122.572494507
0.974451423 0.041442242 0.220741674 63.603416443 -0.039448373 0.999131322 -0.013435217 -3.554468393 -0.221106708 0.004384066 0.975239754 123.400199890
0.974238992 0.040455282 0.221859947 63.792816162 -0.038449269 0.999171317 -0.013355165 -3.577649832 -0.222216368 0.004480769 0.974987090 124.238334656
0.973677754 0.042975318 0.223840818 63.979839325 -0.041675054 0.999075651 -0.010532148 -3.595977783 -0.224086523 0.000926340 0.974568844 125.083358765
0.973313749 0.044785473 0.225066006 64.166824341 -0.044888254 0.998981118 -0.004663037 -3.613141537 -0.225045517 -0.005564224 0.974332392 125.924278259
0.972844362 0.048958682 0.226223290 64.346862793 -0.050127409 0.998742640 -0.000578905 -3.632397175 -0.225967184 -0.010776804 0.974075317 126.766822815
0.972665310 0.047957078 0.227205455 64.533699036 -0.047608808 0.998841465 -0.007016044 -3.650867224 -0.227278680 -0.003992719 0.973821580 127.578071594
0.972939909 0.044056050 0.226819634 64.726097107 -0.040222872 0.998959601 -0.021496288 -3.671472549 -0.227530658 0.011791260 0.973699510 128.386703491
